The Dataload time is :  0.00011324882507324219
[Graph(num_nodes=708, num_edges=2220,
      ndata_schemes={'_ID': Scheme(shape=(), dtype=torch.int64), 'node_attr': Scheme(shape=(3,), dtype=torch.float64), 'node_labels': Scheme(shape=(1,), dtype=torch.int64), 'norm': Scheme(shape=(), dtype=torch.float32)}
      edata_schemes={'_ID': Scheme(shape=(), dtype=torch.int64)}), tensor([[1],
        [1],
        [1],
        [1],
        [1],
        [1],
        [1],
        [1],
        [0],
        [0],
        [0],
        [1],
        [1],
        [1],
        [1],
        [1],
        [0],
        [0],
        [0],
        [1],
        [0],
        [1],
        [1],
        [1],
        [1],
        [0],
        [0],
        [0],
        [1],
        [1],
        [0],
        [1]])]
Number of nodes for each graph element in the batch: tensor([13, 13, 16, 17, 19, 20, 20, 21, 21, 21, 22, 23, 23, 23, 23, 23, 23, 23,
        23, 23, 23, 24, 24, 24, 25, 25, 25, 25, 25, 26, 26, 26])
Number of edges for each graph element in the batch: tensor([39, 39, 48, 53, 59, 62, 62, 65, 67, 67, 70, 71, 71, 71, 71, 73, 73, 73,
        73, 73, 73, 74, 76, 76, 81, 79, 79, 79, 79, 80, 82, 82])
The original graphs in the minibatch:
state_dict:  OrderedDict([('conv1.weight', tensor([[ 0.5306,  0.5715, -0.3008,  0.4633,  0.1324, -0.6046,  0.1740, -0.1611,
         -0.1620,  0.1881,  0.8542,  0.2977,  0.3704,  0.8016,  0.7835, -0.2458],
        [ 0.4975,  0.5251,  0.6565, -0.4456, -0.0499,  0.1631,  0.0526,  0.3649,
         -0.2774, -0.2534,  0.6547,  0.3059, -0.2843,  0.6245,  0.6429,  0.3519],
        [-0.9374, -0.9927,  0.4043, -0.7935, -1.7232,  0.1454, -1.0527, -0.5066,
         -0.0775,  0.9951,  0.2357, -0.4614, -0.3269,  0.2213,  0.2250,  0.9155]])), ('conv1.bias', tensor([ 0.8266,  0.9215, -0.1013, -0.9275, -0.4245,  0.8867, -0.2989, -0.5664,
        -0.2725, -0.1735, -0.7915,  0.3052,  0.2778, -0.7129, -0.6823, -0.3228])), ('conv2.weight', tensor([[-0.3342,  0.6453],
        [-0.3229,  0.6851],
        [ 0.6874, -0.5246],
        [ 0.8996, -0.4332],
        [ 0.6518, -0.6038],
        [-0.7445,  0.1242],
        [ 0.7501, -0.5370],
        [ 0.2443, -0.2186],
        [-0.1691, -0.3335],
        [-0.1391, -0.7238],
        [ 0.6905, -0.4234],
        [-0.3219,  0.1257],
        [-0.3511,  0.2130],
        [ 0.9181, -0.6373],
        [ 0.4781, -0.8750],
        [ 0.1826, -0.2676]])), ('conv2.bias', tensor([-0.5594,  0.5594]))])
test_num:  0
-----------------------------------------------------
labels:  tensor([[1],
        [1],
        [1],
        [1],
        [1],
        [1],
        [1],
        [1],
        [0],
        [0],
        [0],
        [1],
        [1],
        [1],
        [1],
        [1],
        [0],
        [0],
        [0],
        [1],
        [0],
        [1],
        [1],
        [1],
        [1],
        [0],
        [0],
        [0],
        [1],
        [1],
        [0],
        [1]])
pred:  tensor([[-0.3796,  0.2968],
        [-0.2935,  0.2706],
        [-0.1668,  0.0287],
        [-0.0663,  0.0579],
        [ 0.1740, -0.1763],
        [ 0.2848, -0.2696],
        [ 0.9734, -0.6794],
        [ 0.5004, -0.5065],
        [ 0.4207, -0.2911],
        [ 0.4676, -0.3362],
        [ 0.5977, -0.4354],
        [ 0.6369, -0.8255],
        [ 0.6852, -0.6977],
        [ 0.9157, -0.9180],
        [ 0.2158, -0.2290],
        [ 0.6823, -0.9921],
        [ 0.6990, -0.7932],
        [ 0.7421, -0.5403],
        [ 0.8306, -0.5725],
        [ 0.7326, -0.5273],
        [ 0.7018, -1.0304],
        [ 0.3504, -0.3506],
        [ 0.6158, -0.9158],
        [ 0.7643, -0.8045],
        [ 0.5813, -0.4521],
        [ 0.8988, -0.9301],
        [ 0.9975, -0.7606],
        [ 1.2104, -0.8407],
        [ 0.6480, -0.8213],
        [ 0.5288, -0.5326],
        [ 0.8656, -0.8972],
        [ 0.7341, -0.9574]])
pred.argmax(1):  tensor([1, 1, 1, 1, 0, 0, 0, 0, 0, 0, 0, 0, 0, 0, 0, 0, 0, 0, 0, 0, 0, 0, 0, 0,
        0, 0, 0, 0, 0, 0, 0, 0])
pred.argmax(1).squeeze():  tensor([1, 1, 1, 1, 0, 0, 0, 0, 0, 0, 0, 0, 0, 0, 0, 0, 0, 0, 0, 0, 0, 0, 0, 0,
        0, 0, 0, 0, 0, 0, 0, 0])
(pred.argmax(1)==labels).sum:  tensor(15)
(pred.argmax(1)==labels).sum.item():  15
num_correct_before: 0
num_correct_after: 15
test_num:  1
-----------------------------------------------------
labels:  tensor([[0],
        [0],
        [0],
        [0],
        [1],
        [0],
        [0],
        [0],
        [0],
        [0],
        [0],
        [1],
        [0],
        [0],
        [1],
        [0],
        [0],
        [1],
        [0],
        [0],
        [0],
        [0],
        [0],
        [0],
        [0],
        [0],
        [0],
        [0],
        [0],
        [0],
        [0],
        [0]])
pred:  tensor([[ 2.1134, -2.0782],
        [ 2.1946, -2.0878],
        [ 2.1401, -2.0736],
        [ 2.0675, -2.0869],
        [ 0.8814, -0.7038],
        [ 1.1992, -0.9142],
        [ 0.6496, -1.0113],
        [ 1.1020, -0.8457],
        [ 1.5474, -1.5672],
        [ 1.0571, -0.9782],
        [ 1.5874, -1.1800],
        [ 0.8030, -0.8545],
        [ 1.9595, -1.9250],
        [ 1.0841, -0.9748],
        [ 0.8079, -0.8429],
        [ 1.4350, -1.1852],
        [ 1.1740, -1.0525],
        [ 1.1051, -1.4857],
        [ 1.9538, -1.9233],
        [ 1.9462, -1.9247],
        [ 1.9611, -1.9256],
        [ 1.9553, -1.9288],
        [ 1.9490, -1.9194],
        [ 1.9078, -1.8982],
        [ 1.8978, -1.8894],
        [ 1.9543, -1.9305],
        [ 1.9504, -1.9209],
        [ 1.9423, -1.9222],
        [ 1.9361, -1.9137],
        [ 1.9238, -1.8860],
        [ 1.9411, -1.9225],
        [ 1.9216, -1.8922]])
pred.argmax(1):  tensor([0, 0, 0, 0, 0, 0, 0, 0, 0, 0, 0, 0, 0, 0, 0, 0, 0, 0, 0, 0, 0, 0, 0, 0,
        0, 0, 0, 0, 0, 0, 0, 0])
pred.argmax(1).squeeze():  tensor([0, 0, 0, 0, 0, 0, 0, 0, 0, 0, 0, 0, 0, 0, 0, 0, 0, 0, 0, 0, 0, 0, 0, 0,
        0, 0, 0, 0, 0, 0, 0, 0])
(pred.argmax(1)==labels).sum:  tensor(28)
(pred.argmax(1)==labels).sum.item():  28
num_correct_before: 15
num_correct_after: 43
test_num:  2
-----------------------------------------------------
labels:  tensor([[0],
        [0],
        [1],
        [1],
        [1],
        [0],
        [1],
        [0],
        [1],
        [0],
        [0],
        [0],
        [0],
        [0],
        [0],
        [0],
        [0],
        [1],
        [0],
        [0],
        [1],
        [1],
        [1],
        [1],
        [1],
        [1],
        [0],
        [1],
        [0],
        [0],
        [0],
        [0]])
pred:  tensor([[ 1.9275, -1.8944],
        [ 1.9553, -1.9213],
        [ 1.3500, -1.0154],
        [ 1.1273, -1.0222],
        [ 1.3825, -1.1416],
        [ 1.2756, -1.0558],
        [ 1.1354, -1.0732],
        [ 1.7710, -1.3158],
        [ 1.1588, -1.0637],
        [ 1.1897, -1.1337],
        [ 1.1420, -1.1036],
        [ 1.1753, -1.1057],
        [ 2.0248, -2.0424],
        [ 2.0290, -2.0561],
        [ 1.9140, -1.9142],
        [ 1.7419, -1.7686],
        [ 1.9476, -1.9471],
        [ 0.7462, -0.9896],
        [ 1.3393, -1.0194],
        [ 1.3520, -1.0312],
        [ 1.4390, -1.0574],
        [ 1.4498, -1.0673],
        [ 1.4425, -1.0607],
        [ 1.4624, -1.2166],
        [ 1.2271, -1.1309],
        [ 1.1415, -1.0759],
        [ 1.6379, -1.1249],
        [ 1.9402, -1.6827],
        [ 1.2633, -0.9368],
        [ 1.8871, -1.8382],
        [ 2.0427, -1.5871],
        [ 1.1833, -1.0701]])
pred.argmax(1):  tensor([0, 0, 0, 0, 0, 0, 0, 0, 0, 0, 0, 0, 0, 0, 0, 0, 0, 0, 0, 0, 0, 0, 0, 0,
        0, 0, 0, 0, 0, 0, 0, 0])
pred.argmax(1).squeeze():  tensor([0, 0, 0, 0, 0, 0, 0, 0, 0, 0, 0, 0, 0, 0, 0, 0, 0, 0, 0, 0, 0, 0, 0, 0,
        0, 0, 0, 0, 0, 0, 0, 0])
(pred.argmax(1)==labels).sum:  tensor(19)
(pred.argmax(1)==labels).sum.item():  19
num_correct_before: 43
num_correct_after: 62
test_num:  3
-----------------------------------------------------
labels:  tensor([[0],
        [0],
        [0],
        [0],
        [0],
        [0],
        [0],
        [0],
        [0],
        [0],
        [0],
        [0],
        [1],
        [0],
        [0],
        [0],
        [0],
        [0],
        [0],
        [0],
        [0],
        [0],
        [1],
        [1],
        [0],
        [0],
        [0],
        [0],
        [0],
        [0],
        [0],
        [0]])
pred:  tensor([[ 1.1815, -1.1210],
        [ 1.1811, -1.1224],
        [ 1.1855, -1.1251],
        [ 1.1845, -1.1244],
        [ 1.4695, -1.0395],
        [ 1.3639, -0.9983],
        [ 1.3687, -1.0026],
        [ 1.4640, -1.0366],
        [ 1.4661, -1.0383],
        [ 1.4693, -1.0453],
        [ 1.4729, -1.0489],
        [ 1.4656, -1.0401],
        [ 1.4911, -1.0604],
        [ 1.4722, -1.0436],
        [ 0.3912, -0.6770],
        [ 1.8927, -1.8368],
        [ 1.8892, -1.8647],
        [ 1.8820, -1.8668],
        [ 1.8352, -1.8384],
        [ 1.8850, -1.8567],
        [ 1.8294, -1.8297],
        [ 1.8895, -1.8644],
        [ 1.7831, -1.8052],
        [ 1.7913, -1.8116],
        [ 2.0782, -1.9906],
        [ 2.2194, -2.1138],
        [ 2.2092, -2.1049],
        [ 2.2351, -2.1298],
        [ 2.2380, -2.1326],
        [ 2.0748, -1.9682],
        [ 2.0278, -1.9500],
        [ 2.0842, -1.9793]])
pred.argmax(1):  tensor([0, 0, 0, 0, 0, 0, 0, 0, 0, 0, 0, 0, 0, 0, 0, 0, 0, 0, 0, 0, 0, 0, 0, 0,
        0, 0, 0, 0, 0, 0, 0, 0])
pred.argmax(1).squeeze():  tensor([0, 0, 0, 0, 0, 0, 0, 0, 0, 0, 0, 0, 0, 0, 0, 0, 0, 0, 0, 0, 0, 0, 0, 0,
        0, 0, 0, 0, 0, 0, 0, 0])
(pred.argmax(1)==labels).sum:  tensor(29)
(pred.argmax(1)==labels).sum.item():  29
num_correct_before: 62
num_correct_after: 91
test_num:  4
-----------------------------------------------------
labels:  tensor([[0],
        [0],
        [0],
        [0],
        [0],
        [0],
        [0],
        [0],
        [0],
        [0],
        [0],
        [0],
        [0],
        [0],
        [0],
        [0],
        [0],
        [0],
        [0],
        [0],
        [0],
        [0],
        [0],
        [0],
        [0],
        [0],
        [1],
        [0],
        [0],
        [0],
        [0],
        [1]])
pred:  tensor([[ 2.0805, -1.9857],
        [ 2.0363, -1.9573],
        [ 1.2334, -1.0662],
        [ 1.2016, -1.1323],
        [ 1.2643, -1.2816],
        [ 1.5929, -1.1267],
        [ 1.5604, -1.1132],
        [ 1.5709, -1.0951],
        [ 1.3200, -0.9583],
        [ 1.9795, -1.8974],
        [ 1.9699, -1.8920],
        [ 1.9858, -1.9022],
        [ 1.9727, -1.8958],
        [ 1.9750, -1.9044],
        [ 1.9736, -1.8966],
        [ 1.9814, -1.9004],
        [ 1.8623, -1.8390],
        [ 1.9656, -1.8891],
        [ 1.9249, -1.8653],
        [ 1.9525, -1.8645],
        [ 1.7993, -1.8833],
        [ 1.9294, -1.8262],
        [ 1.9577, -1.8730],
        [ 1.9568, -1.8627],
        [ 1.7703, -1.7074],
        [ 1.7695, -1.8399],
        [ 1.8216, -1.5796],
        [ 2.1603, -2.2450],
        [ 2.1748, -2.2418],
        [ 1.9935, -1.9145],
        [ 2.1829, -2.3011],
        [ 1.7169, -1.5137]])
pred.argmax(1):  tensor([0, 0, 0, 0, 0, 0, 0, 0, 0, 0, 0, 0, 0, 0, 0, 0, 0, 0, 0, 0, 0, 0, 0, 0,
        0, 0, 0, 0, 0, 0, 0, 0])
pred.argmax(1).squeeze():  tensor([0, 0, 0, 0, 0, 0, 0, 0, 0, 0, 0, 0, 0, 0, 0, 0, 0, 0, 0, 0, 0, 0, 0, 0,
        0, 0, 0, 0, 0, 0, 0, 0])
(pred.argmax(1)==labels).sum:  tensor(30)
(pred.argmax(1)==labels).sum.item():  30
num_correct_before: 91
num_correct_after: 121
test_num:  5
-----------------------------------------------------
labels:  tensor([[0],
        [0],
        [0],
        [0],
        [0],
        [0],
        [0],
        [0],
        [0],
        [1],
        [0],
        [0],
        [0],
        [0],
        [0],
        [0],
        [0],
        [0],
        [0],
        [0],
        [0],
        [0],
        [0],
        [0],
        [1],
        [0],
        [0],
        [0],
        [0],
        [0],
        [0],
        [1]])
pred:  tensor([[ 1.8382, -1.8677],
        [ 2.0697, -2.0159],
        [ 0.9911, -1.1238],
        [ 1.4384, -1.2592],
        [ 1.7835, -1.6045],
        [ 1.5724, -1.1454],
        [ 1.5905, -1.1590],
        [ 1.5829, -1.1563],
        [ 1.5634, -1.1392],
        [ 1.5816, -1.1528],
        [ 1.5740, -1.1501],
        [ 1.9818, -1.8974],
        [ 1.9711, -1.8920],
        [ 1.8319, -1.7821],
        [ 2.1084, -2.0531],
        [ 2.0394, -2.0041],
        [ 1.7712, -1.8144],
        [ 2.0132, -1.9202],
        [ 1.9385, -1.9036],
        [ 2.2527, -2.1157],
        [ 2.1102, -2.0570],
        [ 2.1682, -2.0646],
        [ 1.1242, -1.4077],
        [ 1.5581, -1.2032],
        [ 2.2557, -1.9769],
        [ 1.0445, -0.9594],
        [ 1.7709, -1.3819],
        [ 2.0998, -1.6397],
        [ 1.0253, -1.0423],
        [ 2.1895, -1.9127],
        [ 1.2107, -1.2103],
        [ 1.0662, -1.1131]])
pred.argmax(1):  tensor([0, 0, 0, 0, 0, 0, 0, 0, 0, 0, 0, 0, 0, 0, 0, 0, 0, 0, 0, 0, 0, 0, 0, 0,
        0, 0, 0, 0, 0, 0, 0, 0])
pred.argmax(1).squeeze():  tensor([0, 0, 0, 0, 0, 0, 0, 0, 0, 0, 0, 0, 0, 0, 0, 0, 0, 0, 0, 0, 0, 0, 0, 0,
        0, 0, 0, 0, 0, 0, 0, 0])
(pred.argmax(1)==labels).sum:  tensor(29)
(pred.argmax(1)==labels).sum.item():  29
num_correct_before: 121
num_correct_after: 150
test_num:  6
-----------------------------------------------------
labels:  tensor([[0],
        [0],
        [0],
        [0],
        [0],
        [0],
        [0],
        [0],
        [0],
        [0],
        [0],
        [0],
        [1],
        [0],
        [0],
        [1],
        [0],
        [0],
        [0],
        [0],
        [1],
        [0],
        [0],
        [1],
        [1],
        [1],
        [0],
        [0],
        [0],
        [0],
        [0],
        [0]])
pred:  tensor([[ 1.4531, -1.0977],
        [ 1.3779, -1.0191],
        [ 1.5879, -1.2016],
        [ 1.6890, -1.2527],
        [ 1.5364, -1.0914],
        [ 1.3413, -1.0045],
        [ 1.9477, -1.8710],
        [ 1.9064, -1.8490],
        [ 1.8701, -1.8643],
        [ 1.9542, -1.8682],
        [ 1.9420, -1.8634],
        [ 1.8052, -1.8408],
        [ 1.8965, -1.8122],
        [ 2.2108, -2.0612],
        [ 2.0462, -2.1702],
        [ 1.8813, -1.8647],
        [ 2.1474, -2.0050],
        [ 2.0555, -1.9529],
        [ 2.0608, -1.9479],
        [ 2.0662, -1.9602],
        [ 0.8785, -1.1646],
        [ 0.8801, -1.1405],
        [ 1.9201, -1.4542],
        [ 1.7023, -1.2838],
        [ 1.2142, -1.2163],
        [ 2.1709, -1.7083],
        [ 1.4356, -1.1341],
        [ 1.0717, -1.1526],
        [ 1.6066, -1.4214],
        [ 1.8382, -1.6723],
        [ 1.7204, -1.1891],
        [ 1.1160, -1.1474]])
pred.argmax(1):  tensor([0, 0, 0, 0, 0, 0, 0, 0, 0, 0, 0, 0, 0, 0, 0, 0, 0, 0, 0, 0, 0, 0, 0, 0,
        0, 0, 0, 0, 0, 0, 0, 0])
pred.argmax(1).squeeze():  tensor([0, 0, 0, 0, 0, 0, 0, 0, 0, 0, 0, 0, 0, 0, 0, 0, 0, 0, 0, 0, 0, 0, 0, 0,
        0, 0, 0, 0, 0, 0, 0, 0])
(pred.argmax(1)==labels).sum:  tensor(26)
(pred.argmax(1)==labels).sum.item():  26
num_correct_before: 150
num_correct_after: 176
test_num:  7
-----------------------------------------------------
labels:  tensor([[0],
        [0],
        [0],
        [1],
        [0],
        [0],
        [0],
        [0],
        [0],
        [0],
        [0],
        [0],
        [0],
        [0],
        [0],
        [0],
        [1],
        [1],
        [0],
        [0],
        [1],
        [1],
        [0],
        [0],
        [1],
        [1],
        [1],
        [0],
        [0],
        [0],
        [1],
        [0]])
pred:  tensor([[ 1.9186, -1.8500],
        [ 1.8619, -1.9492],
        [ 2.1301, -1.9834],
        [ 2.1719, -2.0143],
        [ 1.9196, -1.8247],
        [ 2.4955, -2.4610],
        [ 2.1123, -1.9743],
        [ 2.0790, -1.9737],
        [ 2.3226, -2.2725],
        [ 2.0534, -1.9754],
        [ 2.0618, -1.9804],
        [ 2.0415, -1.9587],
        [ 2.3155, -2.1437],
        [ 1.2464, -1.4434],
        [ 1.2311, -1.4231],
        [ 1.2651, -1.4675],
        [ 1.2524, -1.4538],
        [ 1.2225, -1.4317],
        [ 1.2407, -1.4372],
        [ 1.2479, -1.4472],
        [ 1.2484, -1.4477],
        [ 1.2098, -1.1138],
        [ 1.7131, -1.3843],
        [ 0.9738, -1.3065],
        [ 2.2561, -1.6871],
        [ 1.5688, -1.5493],
        [ 1.7625, -1.7037],
        [ 2.1548, -1.9871],
        [ 2.1714, -2.0725],
        [ 1.6482, -1.7492],
        [ 1.4426, -1.5479],
        [ 2.1284, -2.0033]])
pred.argmax(1):  tensor([0, 0, 0, 0, 0, 0, 0, 0, 0, 0, 0, 0, 0, 0, 0, 0, 0, 0, 0, 0, 0, 0, 0, 0,
        0, 0, 0, 0, 0, 0, 0, 0])
pred.argmax(1).squeeze():  tensor([0, 0, 0, 0, 0, 0, 0, 0, 0, 0, 0, 0, 0, 0, 0, 0, 0, 0, 0, 0, 0, 0, 0, 0,
        0, 0, 0, 0, 0, 0, 0, 0])
(pred.argmax(1)==labels).sum:  tensor(23)
(pred.argmax(1)==labels).sum.item():  23
num_correct_before: 176
num_correct_after: 199
test_num:  8
-----------------------------------------------------
labels:  tensor([[0],
        [0],
        [0],
        [0],
        [0],
        [0],
        [0],
        [0],
        [1],
        [1],
        [0],
        [0],
        [0],
        [1],
        [1],
        [1],
        [0],
        [0],
        [0],
        [0],
        [1],
        [0],
        [0],
        [0],
        [0],
        [0],
        [0],
        [0],
        [1],
        [0],
        [1],
        [0]])
pred:  tensor([[ 2.3803, -2.3084],
        [ 2.3930, -2.3280],
        [ 2.3536, -2.1681],
        [ 2.3467, -2.1622],
        [ 1.5153, -1.7254],
        [ 2.4343, -1.9404],
        [ 2.1830, -1.6849],
        [ 1.3500, -1.7729],
        [ 1.6258, -1.5937],
        [ 1.0382, -1.1841],
        [ 1.4776, -1.1408],
        [ 1.4091, -1.1689],
        [ 1.9847, -1.4421],
        [ 1.3857, -1.2922],
        [ 1.7510, -1.5449],
        [ 1.9120, -1.8866],
        [ 2.1560, -1.9808],
        [ 2.1560, -1.9803],
        [ 2.2290, -2.0210],
        [ 2.1274, -2.1471],
        [ 1.7419, -1.7916],
        [ 1.7299, -1.4053],
        [ 2.1819, -2.1674],
        [ 2.1783, -2.2286],
        [ 2.1034, -1.9805],
        [ 2.0035, -1.9431],
        [ 1.8539, -1.7996],
        [ 2.3251, -2.2576],
        [ 1.1404, -1.3057],
        [ 2.1425, -1.9672],
        [ 2.1136, -2.1845],
        [ 2.5143, -2.5118]])
pred.argmax(1):  tensor([0, 0, 0, 0, 0, 0, 0, 0, 0, 0, 0, 0, 0, 0, 0, 0, 0, 0, 0, 0, 0, 0, 0, 0,
        0, 0, 0, 0, 0, 0, 0, 0])
pred.argmax(1).squeeze():  tensor([0, 0, 0, 0, 0, 0, 0, 0, 0, 0, 0, 0, 0, 0, 0, 0, 0, 0, 0, 0, 0, 0, 0, 0,
        0, 0, 0, 0, 0, 0, 0, 0])
(pred.argmax(1)==labels).sum:  tensor(24)
(pred.argmax(1)==labels).sum.item():  24
num_correct_before: 199
num_correct_after: 223
test_num:  9
-----------------------------------------------------
labels:  tensor([[0],
        [0],
        [0],
        [1],
        [0],
        [0],
        [0],
        [0],
        [0],
        [0],
        [0],
        [0],
        [1],
        [1],
        [0],
        [0],
        [0],
        [0],
        [0],
        [1],
        [0],
        [0],
        [0],
        [0],
        [0],
        [0],
        [0],
        [0],
        [0],
        [1],
        [1],
        [0]])
pred:  tensor([[ 1.6429, -1.4135],
        [ 2.0285, -2.1260],
        [ 2.2683, -2.0644],
        [ 1.6596, -1.7445],
        [ 2.1683, -2.1587],
        [ 2.1669, -2.1690],
        [ 2.5185, -2.3892],
        [ 1.3202, -1.5499],
        [ 1.3127, -1.5200],
        [ 1.3234, -1.5498],
        [ 3.5809, -3.3431],
        [ 2.3131, -2.2755],
        [ 1.1462, -1.2222],
        [ 1.7713, -1.7245],
        [ 2.3386, -2.1109],
        [ 1.6179, -1.7372],
        [ 2.1509, -2.2810],
        [ 1.9694, -1.6802],
        [ 1.8358, -1.3553],
        [ 2.3050, -2.3966],
        [ 1.8761, -1.7137],
        [ 2.2415, -2.0286],
        [ 1.8918, -1.7112],
        [ 2.2435, -1.9555],
        [ 3.8245, -4.1710],
        [ 2.7111, -2.6935],
        [ 2.5295, -3.3003],
        [ 2.5116, -3.2936],
        [ 3.2810, -3.1627],
        [ 2.1592, -1.9243],
        [ 1.7899, -1.8834],
        [ 2.2080, -1.9864]])
pred.argmax(1):  tensor([0, 0, 0, 0, 0, 0, 0, 0, 0, 0, 0, 0, 0, 0, 0, 0, 0, 0, 0, 0, 0, 0, 0, 0,
        0, 0, 0, 0, 0, 0, 0, 0])
pred.argmax(1).squeeze():  tensor([0, 0, 0, 0, 0, 0, 0, 0, 0, 0, 0, 0, 0, 0, 0, 0, 0, 0, 0, 0, 0, 0, 0, 0,
        0, 0, 0, 0, 0, 0, 0, 0])
(pred.argmax(1)==labels).sum:  tensor(26)
(pred.argmax(1)==labels).sum.item():  26
num_correct_before: 223
num_correct_after: 249
test_num:  10
-----------------------------------------------------
labels:  tensor([[0],
        [0],
        [0],
        [0],
        [0],
        [0],
        [0],
        [0],
        [0],
        [0],
        [0],
        [0],
        [0],
        [0],
        [0],
        [0],
        [0],
        [0],
        [0],
        [0],
        [0],
        [1],
        [1],
        [1],
        [0],
        [0],
        [0],
        [0],
        [1],
        [1],
        [0],
        [0]])
pred:  tensor([[ 2.7041, -2.5264],
        [ 2.6885, -2.5082],
        [ 2.5510, -2.3533],
        [ 1.9314, -2.0543],
        [ 1.7086, -1.8371],
        [ 2.0271, -2.2364],
        [ 2.0794, -2.3744],
        [ 2.0243, -2.2281],
        [ 2.0078, -2.2086],
        [ 2.0071, -2.2052],
        [ 1.3729, -1.5453],
        [ 2.1092, -2.5443],
        [ 2.1832, -2.6916],
        [ 2.0236, -2.4118],
        [ 2.6100, -2.3107],
        [ 1.8958, -1.6961],
        [ 3.5037, -3.7445],
        [ 1.9878, -2.0600],
        [ 2.1231, -2.2795],
        [ 2.4578, -2.4420],
        [ 2.9259, -2.6688],
        [ 1.7874, -1.9549],
        [ 1.8244, -1.9863],
        [ 1.8021, -1.9672],
        [ 2.8025, -3.7025],
        [ 2.7747, -3.6799],
        [ 2.5004, -3.3033],
        [ 2.0942, -1.7639],
        [ 1.3335, -1.1988],
        [ 1.7312, -1.8604],
        [ 2.8710, -3.8091],
        [ 3.2893, -2.4673]])
pred.argmax(1):  tensor([0, 0, 0, 0, 0, 0, 0, 0, 0, 0, 0, 0, 0, 0, 0, 0, 0, 0, 0, 0, 0, 0, 0, 0,
        0, 0, 0, 0, 0, 0, 0, 0])
pred.argmax(1).squeeze():  tensor([0, 0, 0, 0, 0, 0, 0, 0, 0, 0, 0, 0, 0, 0, 0, 0, 0, 0, 0, 0, 0, 0, 0, 0,
        0, 0, 0, 0, 0, 0, 0, 0])
(pred.argmax(1)==labels).sum:  tensor(27)
(pred.argmax(1)==labels).sum.item():  27
num_correct_before: 249
num_correct_after: 276
test_num:  11
-----------------------------------------------------
labels:  tensor([[1],
        [1],
        [1],
        [0],
        [0],
        [0],
        [0],
        [0],
        [0],
        [0],
        [0],
        [0],
        [0],
        [0],
        [0],
        [0],
        [0],
        [0],
        [0],
        [0],
        [0],
        [0],
        [0],
        [0],
        [0],
        [0],
        [0],
        [0],
        [0],
        [0],
        [1],
        [0]])
pred:  tensor([[ 2.6303, -2.0983],
        [ 2.3547, -1.6460],
        [ 1.5888, -1.4476],
        [ 2.1442, -1.9397],
        [ 2.7398, -2.7063],
        [ 2.0730, -2.2826],
        [ 1.9416, -2.0723],
        [ 1.8771, -2.0236],
        [ 2.0242, -2.1696],
        [ 2.0435, -2.1943],
        [ 1.8499, -1.9890],
        [ 2.0262, -2.1740],
        [ 2.0408, -2.1863],
        [ 2.3051, -2.3308],
        [ 2.2602, -2.2993],
        [ 2.2055, -2.3164],
        [ 2.6218, -3.4866],
        [ 2.4514, -3.2640],
        [ 2.1808, -2.2852],
        [ 2.5610, -3.3773],
        [ 2.0340, -2.2954],
        [ 2.6227, -3.4903],
        [ 2.3755, -2.2975],
        [ 2.2054, -2.3752],
        [ 2.0921, -2.3648],
        [ 2.0909, -2.3607],
        [ 2.0568, -2.3028],
        [ 2.8414, -2.8514],
        [ 2.3256, -2.2101],
        [ 2.1531, -2.2812],
        [ 2.5719, -2.5980],
        [ 2.4621, -2.4583]])
pred.argmax(1):  tensor([0, 0, 0, 0, 0, 0, 0, 0, 0, 0, 0, 0, 0, 0, 0, 0, 0, 0, 0, 0, 0, 0, 0, 0,
        0, 0, 0, 0, 0, 0, 0, 0])
pred.argmax(1).squeeze():  tensor([0, 0, 0, 0, 0, 0, 0, 0, 0, 0, 0, 0, 0, 0, 0, 0, 0, 0, 0, 0, 0, 0, 0, 0,
        0, 0, 0, 0, 0, 0, 0, 0])
(pred.argmax(1)==labels).sum:  tensor(28)
(pred.argmax(1)==labels).sum.item():  28
num_correct_before: 276
num_correct_after: 304
test_num:  12
-----------------------------------------------------
labels:  tensor([[0],
        [0],
        [0],
        [0],
        [1],
        [0],
        [0],
        [0],
        [0],
        [0],
        [0],
        [0],
        [0],
        [1],
        [0],
        [0],
        [0],
        [0],
        [0],
        [0],
        [0]])
pred:  tensor([[ 2.5393, -2.5125],
        [ 2.0298, -2.1593],
        [ 2.0572, -2.1856],
        [ 2.6255, -3.5035],
        [ 1.6927, -2.1384],
        [ 2.0325, -2.3237],
        [ 2.0881, -2.3402],
        [ 2.2742, -2.4735],
        [ 2.2632, -1.9386],
        [ 2.0164, -2.1412],
        [ 2.0623, -2.1642],
        [ 2.2766, -2.3529],
        [ 2.2903, -2.5709],
        [ 1.5852, -1.3512],
        [ 3.0476, -3.1065],
        [ 2.2070, -2.3362],
        [ 3.1529, -3.0439],
        [ 3.1009, -3.1719],
        [ 2.8156, -2.4003],
        [ 3.3549, -3.4122],
        [ 2.1095, -1.8994]])
pred.argmax(1):  tensor([0, 0, 0, 0, 0, 0, 0, 0, 0, 0, 0, 0, 0, 0, 0, 0, 0, 0, 0, 0, 0])
pred.argmax(1).squeeze():  tensor([0, 0, 0, 0, 0, 0, 0, 0, 0, 0, 0, 0, 0, 0, 0, 0, 0, 0, 0, 0, 0])
(pred.argmax(1)==labels).sum:  tensor(19)
(pred.argmax(1)==labels).sum.item():  19
num_correct_before: 304
num_correct_after: 323
---------------------------------------------------------
num_correct:  323
num_tests:  405
Test accuracy: 0.7975308641975308
Total_time: 0.012323379516601562
---------------------------------------------------------
KeyMM_1_time:  0.0007295608520507812
KeyMM_2_time:  0.0006511211395263672
linear_1_time:  0.00026035518385469913
linear_2_time:  0.00021290662698447704
bias_1_time:  0.0001957416534423828
bias_2_time:  0.00012040138244628906
numpy_transform_1_B_time:  7.43865966796875e-05
numpy_transform_2_B_time:  3.719329833984375e-05
numpy_transform_1_W_time:  4.458427429199219e-05
numpy_transform_2_W_time:  4.887580871582031e-05
numpy_transform_1_bias_time:  4.100799560546875e-05
numpy_transform_2_bias_time:  2.8133392333984375e-05
torch_transform_1_time:  3.409385681152344e-05
torch_transform_2_time:  1.7881393432617188e-05
---------------------------------------------------------
get_adj_from_graph_time:  0.005220890045166016
get_norm_time:  8.058547973632812e-05
norm_transform_time:  6.508827209472656e-05
DAD_time1:  0.0001888275146484375
DAD_time1:  0.000209808349609375
DAD_time1:  0.0001823902130126953
DAD_time1:  0.00015664100646972656
---------------------------------------------------------
Normalization_time:  0
conv1_time:  0.0015339851379394531
relu_time:  0.00022554397583007812
conv2_time:  0.0012555122375488281
meanNode_time:  0.0028471946716308594
---------------------------------------------------------
Infer time: 0.0037527084350585938
