The Dataload time is :  0.00011181831359863281
[Graph(num_nodes=1118, num_edges=3482,
      ndata_schemes={'_ID': Scheme(shape=(), dtype=torch.int64), 'node_attr': Scheme(shape=(3,), dtype=torch.float64), 'node_labels': Scheme(shape=(1,), dtype=torch.int64), 'norm': Scheme(shape=(), dtype=torch.float32)}
      edata_schemes={'_ID': Scheme(shape=(), dtype=torch.int64)}), tensor([[1],
        [1],
        [0],
        [0],
        [0],
        [1],
        [1],
        [1],
        [0],
        [0],
        [0],
        [1],
        [1],
        [1],
        [0],
        [0],
        [0],
        [0],
        [0],
        [1],
        [0],
        [1],
        [0],
        [0],
        [0],
        [0],
        [0],
        [0],
        [0],
        [0],
        [0],
        [1]])]
Number of nodes for each graph element in the batch: tensor([32, 32, 34, 34, 34, 34, 34, 34, 34, 34, 35, 35, 35, 35, 35, 35, 35, 35,
        35, 35, 36, 36, 36, 36, 36, 36, 36, 36, 36, 36, 36, 36])
Number of edges for each graph element in the batch: tensor([100, 100, 106, 106, 106, 106, 106, 106, 106, 106, 109, 109, 109, 109,
        109, 109, 109, 109, 109, 109, 112, 112, 112, 112, 112, 112, 112, 112,
        112, 112, 112, 112])
The original graphs in the minibatch:
state_dict:  OrderedDict([('conv1.weight', tensor([[-0.5082, -0.1581, -0.0276,  0.3003,  0.3025, -0.1402,  0.6910,  0.0488,
         -0.0209,  0.4019, -0.1888, -0.3462, -0.0812, -0.0220, -0.4020, -0.0378],
        [ 0.9654,  0.1205,  0.1186, -0.6899,  0.0029, -0.0299, -0.1665, -0.2750,
          0.5587, -0.8644,  0.6173,  0.6208, -0.4718,  0.0733,  0.0871,  0.0671],
        [-0.6645,  0.6106,  0.1069,  0.0832,  0.0344, -0.0615,  0.1303, -0.1129,
         -0.4941,  0.1230, -0.0424, -0.2499, -0.4818,  0.1483, -0.0299,  0.0355]])), ('conv1.bias', tensor([ 0.1496, -0.1611, -0.1422, -0.1693, -0.4881, -0.2349, -0.1697, -0.1623,
        -0.4323, -0.0767, -0.3902, -0.0290, -0.1628, -0.1891, -0.3618, -0.2691])), ('conv2.weight', tensor([[ 0.3109, -0.7125],
        [-0.1851, -0.3386],
        [ 0.0432,  0.1405],
        [ 0.5268,  0.1880],
        [-0.2494, -0.0171],
        [ 0.2310,  0.3784],
        [-0.6220,  0.4840],
        [ 0.2324,  0.2996],
        [ 0.4842, -0.0443],
        [ 0.3352, -0.2567],
        [ 0.2241, -0.3112],
        [ 0.1771, -0.2673],
        [-0.4844, -0.0042],
        [ 0.2810,  0.2917],
        [ 0.1083,  0.4395],
        [ 0.5121,  0.5166]])), ('conv2.bias', tensor([ 0.0993, -0.0993]))])
test_num:  0
-----------------------------------------------------
labels:  tensor([[1],
        [1],
        [0],
        [0],
        [0],
        [1],
        [1],
        [1],
        [0],
        [0],
        [0],
        [1],
        [1],
        [1],
        [0],
        [0],
        [0],
        [0],
        [0],
        [1],
        [0],
        [1],
        [0],
        [0],
        [0],
        [0],
        [0],
        [0],
        [0],
        [0],
        [0],
        [1]])
pred:  tensor([[ 0.7859, -0.9513],
        [ 0.7932, -0.9595],
        [ 0.6612, -0.7375],
        [ 0.4820, -0.5734],
        [ 0.4891, -0.5811],
        [ 0.4827, -0.5739],
        [ 0.4794, -0.5683],
        [ 0.7365, -0.8723],
        [ 0.6032, -0.7026],
        [ 0.6007, -0.7002],
        [ 0.5426, -0.6455],
        [ 0.4899, -0.5917],
        [ 0.5397, -0.6323],
        [ 0.5551, -0.6473],
        [ 0.6126, -0.7003],
        [ 0.6246, -0.7083],
        [ 0.5417, -0.6440],
        [ 0.5453, -0.6497],
        [ 0.5188, -0.6247],
        [ 0.4472, -0.5419],
        [ 0.4998, -0.6063],
        [ 0.4962, -0.5999],
        [ 0.5381, -0.6501],
        [ 0.6457, -0.7443],
        [ 0.6559, -0.7504],
        [ 0.6402, -0.7380],
        [ 0.7972, -0.8459],
        [ 0.8475, -0.8977],
        [ 0.6658, -0.8285],
        [ 0.8438, -0.8700],
        [ 0.4754, -0.5777],
        [ 0.4643, -0.5679]])
pred.argmax(1):  tensor([0, 0, 0, 0, 0, 0, 0, 0, 0, 0, 0, 0, 0, 0, 0, 0, 0, 0, 0, 0, 0, 0, 0, 0,
        0, 0, 0, 0, 0, 0, 0, 0])
pred.argmax(1).squeeze():  tensor([0, 0, 0, 0, 0, 0, 0, 0, 0, 0, 0, 0, 0, 0, 0, 0, 0, 0, 0, 0, 0, 0, 0, 0,
        0, 0, 0, 0, 0, 0, 0, 0])
(pred.argmax(1)==labels).sum:  tensor(21)
(pred.argmax(1)==labels).sum.item():  21
num_correct_before: 0
num_correct_after: 21
test_num:  1
-----------------------------------------------------
labels:  tensor([[0],
        [1],
        [1],
        [1],
        [1],
        [0],
        [0],
        [0],
        [0],
        [0],
        [0],
        [1],
        [0],
        [0],
        [0],
        [0],
        [0],
        [0],
        [0],
        [0],
        [0],
        [0],
        [0],
        [1],
        [1],
        [0],
        [1],
        [0],
        [0],
        [0],
        [0],
        [0]])
pred:  tensor([[ 1.0799, -1.2324],
        [ 0.6417, -0.7530],
        [ 0.6342, -0.7420],
        [ 0.6208, -0.7184],
        [ 0.5764, -0.6859],
        [ 0.6372, -0.7582],
        [ 0.5918, -0.7058],
        [ 0.5975, -0.7123],
        [ 0.6639, -0.7864],
        [ 0.6573, -0.7783],
        [ 0.6627, -0.7850],
        [ 0.5316, -0.6422],
        [ 0.6460, -0.7678],
        [ 0.6428, -0.7639],
        [ 0.6410, -0.7616],
        [ 0.6488, -0.7663],
        [ 0.6441, -0.7632],
        [ 0.6512, -0.7680],
        [ 0.6452, -0.7639],
        [ 0.6455, -0.7651],
        [ 0.5734, -0.6928],
        [ 0.6035, -0.7104],
        [ 0.6133, -0.7161],
        [ 0.5979, -0.7039],
        [ 0.5968, -0.7025],
        [ 0.7483, -0.8067],
        [ 0.6114, -0.7717],
        [ 0.5958, -0.7235],
        [ 0.6035, -0.7304],
        [ 0.5984, -0.7271],
        [ 0.5995, -0.7283],
        [ 0.6076, -0.7354]])
pred.argmax(1):  tensor([0, 0, 0, 0, 0, 0, 0, 0, 0, 0, 0, 0, 0, 0, 0, 0, 0, 0, 0, 0, 0, 0, 0, 0,
        0, 0, 0, 0, 0, 0, 0, 0])
pred.argmax(1).squeeze():  tensor([0, 0, 0, 0, 0, 0, 0, 0, 0, 0, 0, 0, 0, 0, 0, 0, 0, 0, 0, 0, 0, 0, 0, 0,
        0, 0, 0, 0, 0, 0, 0, 0])
(pred.argmax(1)==labels).sum:  tensor(24)
(pred.argmax(1)==labels).sum.item():  24
num_correct_before: 21
num_correct_after: 45
test_num:  2
-----------------------------------------------------
labels:  tensor([[0],
        [0],
        [1],
        [0],
        [0],
        [0],
        [0],
        [0],
        [1],
        [0],
        [0],
        [1],
        [1],
        [0],
        [0],
        [0],
        [1],
        [1],
        [0],
        [0],
        [1],
        [1],
        [0],
        [0],
        [0],
        [0],
        [0],
        [0],
        [0],
        [0],
        [0],
        [0]])
pred:  tensor([[ 0.6121, -0.7292],
        [ 0.6150, -0.7309],
        [ 0.6155, -0.7314],
        [ 0.6138, -0.7315],
        [ 0.6214, -0.7325],
        [ 0.6183, -0.7364],
        [ 0.6235, -0.7399],
        [ 0.6273, -0.7398],
        [ 0.6183, -0.7353],
        [ 0.6172, -0.7352],
        [ 0.6061, -0.7228],
        [ 0.6065, -0.7215],
        [ 0.6050, -0.7259],
        [ 0.6042, -0.7222],
        [ 0.6179, -0.7378],
        [ 0.6114, -0.7293],
        [ 0.6151, -0.7380],
        [ 0.4535, -0.5610],
        [ 0.6084, -0.7263],
        [ 0.6345, -0.7519],
        [ 0.6198, -0.7195],
        [ 0.7599, -0.8235],
        [ 0.7241, -0.8380],
        [ 0.6206, -0.7424],
        [ 0.6181, -0.7454],
        [ 0.5648, -0.6840],
        [ 0.5578, -0.6761],
        [ 0.5977, -0.7224],
        [ 0.6047, -0.7304],
        [ 0.6018, -0.7269],
        [ 0.5999, -0.7247],
        [ 0.6072, -0.7290]])
pred.argmax(1):  tensor([0, 0, 0, 0, 0, 0, 0, 0, 0, 0, 0, 0, 0, 0, 0, 0, 0, 0, 0, 0, 0, 0, 0, 0,
        0, 0, 0, 0, 0, 0, 0, 0])
pred.argmax(1).squeeze():  tensor([0, 0, 0, 0, 0, 0, 0, 0, 0, 0, 0, 0, 0, 0, 0, 0, 0, 0, 0, 0, 0, 0, 0, 0,
        0, 0, 0, 0, 0, 0, 0, 0])
(pred.argmax(1)==labels).sum:  tensor(24)
(pred.argmax(1)==labels).sum.item():  24
num_correct_before: 45
num_correct_after: 69
test_num:  3
-----------------------------------------------------
labels:  tensor([[0],
        [0],
        [0],
        [0],
        [0],
        [0],
        [0],
        [0],
        [1],
        [1],
        [0],
        [0],
        [0],
        [0],
        [0],
        [0],
        [0],
        [0],
        [0],
        [0],
        [0],
        [0],
        [0],
        [1],
        [1],
        [1],
        [0],
        [0],
        [1],
        [0],
        [0],
        [0]])
pred:  tensor([[ 0.6030, -0.7263],
        [ 0.6094, -0.7302],
        [ 0.6102, -0.7300],
        [ 0.6039, -0.7269],
        [ 0.6041, -0.7278],
        [ 0.6048, -0.7311],
        [ 0.5992, -0.7241],
        [ 0.5980, -0.7243],
        [ 0.5978, -0.7256],
        [ 0.6053, -0.7313],
        [ 0.6661, -0.7038],
        [ 0.6015, -0.7062],
        [ 0.6056, -0.7093],
        [ 0.6098, -0.7120],
        [ 0.6049, -0.7106],
        [ 0.6050, -0.7104],
        [ 0.6126, -0.7159],
        [ 0.5676, -0.6890],
        [ 0.5634, -0.6944],
        [ 0.5596, -0.6894],
        [ 0.5597, -0.6898],
        [ 0.5669, -0.6978],
        [ 0.5656, -0.6995],
        [ 0.5615, -0.6949],
        [ 0.6785, -0.7928],
        [ 0.6680, -0.7966],
        [ 0.6788, -0.7869],
        [ 0.6198, -0.7439],
        [ 0.5927, -0.7159],
        [ 0.6346, -0.7734],
        [ 0.6250, -0.7550],
        [ 0.6161, -0.7302]])
pred.argmax(1):  tensor([0, 0, 0, 0, 0, 0, 0, 0, 0, 0, 0, 0, 0, 0, 0, 0, 0, 0, 0, 0, 0, 0, 0, 0,
        0, 0, 0, 0, 0, 0, 0, 0])
pred.argmax(1).squeeze():  tensor([0, 0, 0, 0, 0, 0, 0, 0, 0, 0, 0, 0, 0, 0, 0, 0, 0, 0, 0, 0, 0, 0, 0, 0,
        0, 0, 0, 0, 0, 0, 0, 0])
(pred.argmax(1)==labels).sum:  tensor(26)
(pred.argmax(1)==labels).sum.item():  26
num_correct_before: 69
num_correct_after: 95
test_num:  4
-----------------------------------------------------
labels:  tensor([[1],
        [0],
        [0],
        [1],
        [0],
        [0],
        [0],
        [1],
        [0],
        [0],
        [1],
        [0],
        [0],
        [0],
        [0],
        [1],
        [0],
        [0],
        [0],
        [0],
        [0],
        [0],
        [0],
        [0],
        [0],
        [0],
        [1],
        [0],
        [0],
        [0],
        [0],
        [0]])
pred:  tensor([[ 0.6006, -0.7248],
        [ 0.5731, -0.6902],
        [ 0.5564, -0.6769],
        [ 0.4428, -0.5498],
        [ 0.4569, -0.5802],
        [ 0.4697, -0.5917],
        [ 0.4737, -0.5944],
        [ 0.4636, -0.5861],
        [ 0.4748, -0.5994],
        [ 0.4735, -0.5976],
        [ 0.6084, -0.7529],
        [ 0.5914, -0.7389],
        [ 0.6151, -0.7265],
        [ 0.7723, -0.9003],
        [ 0.8358, -0.8848],
        [ 0.6887, -0.7417],
        [ 0.6103, -0.8002],
        [ 0.7728, -0.9166],
        [ 0.8382, -0.9028],
        [ 0.6940, -0.7598],
        [ 0.5628, -0.6707],
        [ 0.5661, -0.6746],
        [ 0.5606, -0.6681],
        [ 0.5780, -0.6829],
        [ 0.5665, -0.6733],
        [ 0.5706, -0.6759],
        [ 0.5660, -0.6746],
        [ 0.5731, -0.6796],
        [ 0.7281, -0.8634],
        [ 0.7370, -0.8804],
        [ 0.7107, -0.8441],
        [ 0.7076, -0.8386]])
pred.argmax(1):  tensor([0, 0, 0, 0, 0, 0, 0, 0, 0, 0, 0, 0, 0, 0, 0, 0, 0, 0, 0, 0, 0, 0, 0, 0,
        0, 0, 0, 0, 0, 0, 0, 0])
pred.argmax(1).squeeze():  tensor([0, 0, 0, 0, 0, 0, 0, 0, 0, 0, 0, 0, 0, 0, 0, 0, 0, 0, 0, 0, 0, 0, 0, 0,
        0, 0, 0, 0, 0, 0, 0, 0])
(pred.argmax(1)==labels).sum:  tensor(26)
(pred.argmax(1)==labels).sum.item():  26
num_correct_before: 95
num_correct_after: 121
test_num:  5
-----------------------------------------------------
labels:  tensor([[1],
        [0],
        [0],
        [1],
        [0],
        [0],
        [0],
        [0],
        [0],
        [0],
        [1],
        [1],
        [0],
        [0],
        [1],
        [1],
        [0],
        [0],
        [0],
        [1],
        [1],
        [0],
        [0],
        [0],
        [0],
        [0],
        [0],
        [1],
        [0],
        [0],
        [0],
        [1]])
pred:  tensor([[ 0.6834, -0.8154],
        [ 0.5017, -0.6347],
        [ 0.7704, -0.9117],
        [ 0.7264, -0.8157],
        [ 0.7307, -0.8187],
        [ 0.8208, -0.8914],
        [ 0.6762, -0.7510],
        [ 0.7739, -0.9148],
        [ 0.8178, -0.8934],
        [ 0.8201, -0.8925],
        [ 0.6207, -0.7825],
        [ 0.5773, -0.6928],
        [ 0.7318, -0.8597],
        [ 0.7909, -0.8433],
        [ 0.6454, -0.7054],
        [ 0.8340, -0.8574],
        [ 0.5727, -0.7622],
        [ 0.7371, -0.8804],
        [ 0.7930, -0.8605],
        [ 0.6518, -0.7230],
        [ 0.6256, -0.7401],
        [ 0.7912, -0.8671],
        [ 0.8368, -0.9215],
        [ 0.7327, -0.8744],
        [ 0.7363, -0.8785],
        [ 0.7876, -0.8642],
        [ 0.6928, -0.8209],
        [ 0.7001, -0.8400],
        [ 0.6530, -0.7243],
        [ 0.7935, -0.8591],
        [ 0.7424, -0.8784],
        [ 0.7452, -0.8821]])
pred.argmax(1):  tensor([0, 0, 0, 0, 0, 0, 0, 0, 0, 0, 0, 0, 0, 0, 0, 0, 0, 0, 0, 0, 0, 0, 0, 0,
        0, 0, 0, 0, 0, 0, 0, 0])
pred.argmax(1).squeeze():  tensor([0, 0, 0, 0, 0, 0, 0, 0, 0, 0, 0, 0, 0, 0, 0, 0, 0, 0, 0, 0, 0, 0, 0, 0,
        0, 0, 0, 0, 0, 0, 0, 0])
(pred.argmax(1)==labels).sum:  tensor(22)
(pred.argmax(1)==labels).sum.item():  22
num_correct_before: 121
num_correct_after: 143
test_num:  6
-----------------------------------------------------
labels:  tensor([[1],
        [1],
        [0],
        [1],
        [1],
        [0],
        [1],
        [0],
        [1],
        [0],
        [0],
        [0],
        [0],
        [0],
        [0],
        [0],
        [0],
        [1],
        [0],
        [0],
        [0],
        [0],
        [0],
        [0],
        [0],
        [0],
        [0],
        [0],
        [0],
        [1],
        [1],
        [1]])
pred:  tensor([[ 0.7868, -0.9182],
        [ 0.4772, -0.5925],
        [ 0.7439, -0.8808],
        [ 0.7821, -0.9124],
        [ 0.6864, -0.8324],
        [ 0.5606, -0.7333],
        [ 0.3996, -0.4985],
        [ 0.5556, -0.6908],
        [ 0.4901, -0.5926],
        [ 0.9213, -1.0261],
        [ 0.7429, -0.8783],
        [ 0.8956, -0.8658],
        [ 0.8551, -0.9916],
        [ 0.8553, -0.9308],
        [ 0.5359, -0.7105],
        [ 0.8729, -0.9544],
        [ 0.5997, -0.7238],
        [ 0.5243, -0.6620],
        [ 0.7309, -0.8717],
        [ 0.7773, -0.8489],
        [ 0.7816, -0.8510],
        [ 0.6348, -0.7129],
        [ 0.7341, -0.8742],
        [ 0.7347, -0.8733],
        [ 0.7789, -0.8510],
        [ 0.7776, -0.8509],
        [ 0.8309, -0.9099],
        [ 0.7747, -0.8508],
        [ 0.7769, -0.8500],
        [ 0.7811, -0.8521],
        [ 0.6335, -0.7133],
        [ 0.6296, -0.7102]])
pred.argmax(1):  tensor([0, 0, 0, 0, 0, 0, 0, 0, 0, 0, 0, 0, 0, 0, 0, 0, 0, 0, 0, 0, 0, 0, 0, 0,
        0, 0, 0, 0, 0, 0, 0, 0])
pred.argmax(1).squeeze():  tensor([0, 0, 0, 0, 0, 0, 0, 0, 0, 0, 0, 0, 0, 0, 0, 0, 0, 0, 0, 0, 0, 0, 0, 0,
        0, 0, 0, 0, 0, 0, 0, 0])
(pred.argmax(1)==labels).sum:  tensor(22)
(pred.argmax(1)==labels).sum.item():  22
num_correct_before: 143
num_correct_after: 165
test_num:  7
-----------------------------------------------------
labels:  tensor([[0],
        [0],
        [0],
        [0],
        [0],
        [0],
        [0],
        [0],
        [1],
        [0],
        [0],
        [0],
        [0],
        [0],
        [0],
        [0],
        [0],
        [0],
        [0],
        [0],
        [0],
        [0],
        [0],
        [0],
        [0],
        [0],
        [0],
        [0],
        [1],
        [1],
        [0],
        [0]])
pred:  tensor([[ 0.9049, -1.0041],
        [ 0.7417, -0.9420],
        [ 0.7458, -0.9466],
        [ 0.6868, -0.9121],
        [ 0.8511, -0.8957],
        [ 0.8120, -0.8633],
        [ 0.9240, -1.0013],
        [ 0.8817, -0.9468],
        [ 0.7885, -0.8161],
        [ 0.8310, -0.9100],
        [ 0.7351, -0.7980],
        [ 0.8395, -0.8996],
        [ 0.7464, -0.8658],
        [ 0.7532, -0.8688],
        [ 0.8682, -0.9666],
        [ 0.7056, -0.8953],
        [ 0.7492, -0.8211],
        [ 0.7970, -0.8771],
        [ 0.6990, -0.8354],
        [ 0.7044, -0.8404],
        [ 0.7468, -0.8203],
        [ 0.8706, -0.9715],
        [ 0.7084, -0.8987],
        [ 0.7547, -0.9245],
        [ 0.6426, -0.7996],
        [ 0.7423, -0.7797],
        [ 0.8799, -0.9742],
        [ 0.9256, -0.9931],
        [ 0.7768, -0.9238],
        [ 0.8488, -0.9635],
        [ 0.8759, -0.9688],
        [ 0.8768, -0.9714]])
pred.argmax(1):  tensor([0, 0, 0, 0, 0, 0, 0, 0, 0, 0, 0, 0, 0, 0, 0, 0, 0, 0, 0, 0, 0, 0, 0, 0,
        0, 0, 0, 0, 0, 0, 0, 0])
pred.argmax(1).squeeze():  tensor([0, 0, 0, 0, 0, 0, 0, 0, 0, 0, 0, 0, 0, 0, 0, 0, 0, 0, 0, 0, 0, 0, 0, 0,
        0, 0, 0, 0, 0, 0, 0, 0])
(pred.argmax(1)==labels).sum:  tensor(29)
(pred.argmax(1)==labels).sum.item():  29
num_correct_before: 165
num_correct_after: 194
test_num:  8
-----------------------------------------------------
labels:  tensor([[0],
        [0],
        [0],
        [0],
        [0],
        [0],
        [0],
        [0],
        [0],
        [0],
        [0],
        [0],
        [1],
        [1],
        [1],
        [0],
        [0],
        [0],
        [0],
        [1],
        [0],
        [0],
        [0],
        [0],
        [0],
        [0],
        [0],
        [0],
        [1],
        [0],
        [0],
        [0]])
pred:  tensor([[ 0.7173, -0.9116],
        [ 0.7374, -0.8961],
        [ 0.8778, -0.9732],
        [ 0.8130, -0.9663],
        [ 0.5816, -0.7029],
        [ 0.8962, -0.9846],
        [ 0.6331, -0.7621],
        [ 0.6337, -0.7678],
        [ 0.6350, -0.7856],
        [ 0.5661, -0.6916],
        [ 0.6249, -0.7501],
        [ 0.6205, -0.7459],
        [ 0.4241, -0.5670],
        [ 0.7702, -0.7878],
        [ 0.7039, -0.8620],
        [ 0.8794, -0.9546],
        [ 0.9075, -0.9775],
        [ 0.7723, -0.8196],
        [ 0.7720, -0.8123],
        [ 0.7291, -0.7701],
        [ 0.8641, -0.9605],
        [ 0.7060, -0.9036],
        [ 0.6502, -0.8719],
        [ 0.8090, -0.8534],
        [ 0.7714, -0.8204],
        [ 0.8652, -0.9623],
        [ 0.7250, -0.8870],
        [ 0.7246, -0.8875],
        [ 0.6367, -0.8317],
        [ 0.6470, -0.8461],
        [ 0.7038, -0.8219],
        [ 0.7076, -0.8266]])
pred.argmax(1):  tensor([0, 0, 0, 0, 0, 0, 0, 0, 0, 0, 0, 0, 0, 0, 0, 0, 0, 0, 0, 0, 0, 0, 0, 0,
        0, 0, 0, 0, 0, 0, 0, 0])
pred.argmax(1).squeeze():  tensor([0, 0, 0, 0, 0, 0, 0, 0, 0, 0, 0, 0, 0, 0, 0, 0, 0, 0, 0, 0, 0, 0, 0, 0,
        0, 0, 0, 0, 0, 0, 0, 0])
(pred.argmax(1)==labels).sum:  tensor(27)
(pred.argmax(1)==labels).sum.item():  27
num_correct_before: 194
num_correct_after: 221
test_num:  9
-----------------------------------------------------
labels:  tensor([[0],
        [1],
        [0],
        [0],
        [0],
        [0],
        [0],
        [0],
        [1],
        [1],
        [0],
        [0],
        [1],
        [0],
        [0],
        [0],
        [0],
        [0],
        [0],
        [0],
        [0],
        [1],
        [0],
        [1],
        [0],
        [1],
        [0],
        [0],
        [1],
        [0],
        [0],
        [0]])
pred:  tensor([[ 0.6054, -0.6650],
        [ 0.7492, -0.8017],
        [ 0.7987, -0.8597],
        [ 0.7133, -0.8287],
        [ 0.8932, -0.9481],
        [ 0.8955, -0.9498],
        [ 0.7205, -0.8990],
        [ 0.7453, -0.8849],
        [ 0.8284, -0.9270],
        [ 0.6758, -0.8593],
        [ 0.8321, -0.9311],
        [ 0.6798, -0.8630],
        [ 0.7187, -0.8832],
        [ 0.9034, -1.0117],
        [ 0.7453, -0.9463],
        [ 0.9366, -0.9868],
        [ 0.6726, -0.8060],
        [ 0.6759, -0.8098],
        [ 0.6768, -0.8092],
        [ 0.6823, -0.8149],
        [ 0.6802, -0.8117],
        [ 0.6437, -0.7802],
        [ 0.6111, -0.7563],
        [ 0.5551, -0.7134],
        [ 0.8976, -0.9962],
        [ 0.7530, -0.9181],
        [ 0.8485, -0.8754],
        [ 0.7553, -0.9456],
        [ 0.6174, -0.7675],
        [ 0.9635, -1.0431],
        [ 0.8618, -0.8697],
        [ 0.9677, -1.0315]])
pred.argmax(1):  tensor([0, 0, 0, 0, 0, 0, 0, 0, 0, 0, 0, 0, 0, 0, 0, 0, 0, 0, 0, 0, 0, 0, 0, 0,
        0, 0, 0, 0, 0, 0, 0, 0])
pred.argmax(1).squeeze():  tensor([0, 0, 0, 0, 0, 0, 0, 0, 0, 0, 0, 0, 0, 0, 0, 0, 0, 0, 0, 0, 0, 0, 0, 0,
        0, 0, 0, 0, 0, 0, 0, 0])
(pred.argmax(1)==labels).sum:  tensor(24)
(pred.argmax(1)==labels).sum.item():  24
num_correct_before: 221
num_correct_after: 245
test_num:  10
-----------------------------------------------------
labels:  tensor([[0],
        [1],
        [0],
        [0],
        [0],
        [0],
        [0],
        [0],
        [0],
        [0],
        [1],
        [1],
        [0],
        [1],
        [0],
        [0],
        [0],
        [0],
        [0],
        [0],
        [0],
        [0],
        [0],
        [0],
        [0],
        [0],
        [0],
        [0],
        [0],
        [0],
        [0],
        [1]])
pred:  tensor([[ 0.8535, -0.9071],
        [ 0.7417, -0.8685],
        [ 0.8826, -0.9280],
        [ 0.8410, -0.9148],
        [ 0.6815, -0.8569],
        [ 0.7053, -0.8445],
        [ 0.9998, -1.0605],
        [ 0.8755, -0.9739],
        [ 0.7970, -0.9609],
        [ 0.7538, -0.8493],
        [ 0.7911, -0.9612],
        [ 0.6057, -0.7454],
        [ 0.5588, -0.6803],
        [ 0.4454, -0.5378],
        [ 0.7918, -0.9391],
        [ 0.6387, -0.7772],
        [ 0.6422, -0.7810],
        [ 0.6419, -0.7796],
        [ 0.6484, -0.7860],
        [ 0.6458, -0.7822],
        [ 0.6427, -0.7794],
        [ 0.6493, -0.7862],
        [ 0.5443, -0.6964],
        [ 0.6685, -0.8302],
        [ 0.6783, -0.8419],
        [ 0.7383, -0.9015],
        [ 0.6904, -0.7850],
        [ 0.6361, -0.7416],
        [ 0.5681, -0.7434],
        [ 0.5715, -0.7163],
        [ 0.8036, -0.8871],
        [ 0.6919, -0.8532]])
pred.argmax(1):  tensor([0, 0, 0, 0, 0, 0, 0, 0, 0, 0, 0, 0, 0, 0, 0, 0, 0, 0, 0, 0, 0, 0, 0, 0,
        0, 0, 0, 0, 0, 0, 0, 0])
pred.argmax(1).squeeze():  tensor([0, 0, 0, 0, 0, 0, 0, 0, 0, 0, 0, 0, 0, 0, 0, 0, 0, 0, 0, 0, 0, 0, 0, 0,
        0, 0, 0, 0, 0, 0, 0, 0])
(pred.argmax(1)==labels).sum:  tensor(27)
(pred.argmax(1)==labels).sum.item():  27
num_correct_before: 245
num_correct_after: 272
test_num:  11
-----------------------------------------------------
labels:  tensor([[0],
        [0],
        [1],
        [0],
        [1],
        [1],
        [0],
        [0],
        [0],
        [1],
        [0],
        [0],
        [0],
        [0],
        [0],
        [0],
        [1],
        [0],
        [0],
        [0],
        [0],
        [0],
        [1],
        [0],
        [0],
        [0],
        [0],
        [1],
        [1],
        [0],
        [0],
        [0]])
pred:  tensor([[ 0.5605, -0.6958],
        [ 0.5633, -0.6988],
        [ 0.7780, -0.9505],
        [ 0.8666, -0.9616],
        [ 0.6231, -0.7919],
        [ 0.6188, -0.8416],
        [ 0.9583, -1.0165],
        [ 0.8401, -0.9355],
        [ 0.8460, -0.9898],
        [ 0.6928, -0.8631],
        [ 1.0418, -1.1641],
        [ 1.0211, -1.0624],
        [ 0.8010, -0.9705],
        [ 0.6888, -0.9010],
        [ 0.9739, -1.0447],
        [ 0.9086, -1.0892],
        [ 0.6951, -0.8591],
        [ 0.7085, -0.8815],
        [ 0.7001, -0.8722],
        [ 0.7078, -0.8812],
        [ 0.7197, -0.8862],
        [ 0.7106, -0.8825],
        [ 0.7139, -0.8835],
        [ 0.7153, -0.8838],
        [ 0.6864, -0.7802],
        [ 0.8752, -0.9750],
        [ 0.7295, -0.9219],
        [ 0.8295, -1.0144],
        [ 0.3446, -0.5014],
        [ 0.5289, -0.7191],
        [ 0.5447, -0.7307],
        [ 0.4175, -0.5452]])
pred.argmax(1):  tensor([0, 0, 0, 0, 0, 0, 0, 0, 0, 0, 0, 0, 0, 0, 0, 0, 0, 0, 0, 0, 0, 0, 0, 0,
        0, 0, 0, 0, 0, 0, 0, 0])
pred.argmax(1).squeeze():  tensor([0, 0, 0, 0, 0, 0, 0, 0, 0, 0, 0, 0, 0, 0, 0, 0, 0, 0, 0, 0, 0, 0, 0, 0,
        0, 0, 0, 0, 0, 0, 0, 0])
(pred.argmax(1)==labels).sum:  tensor(24)
(pred.argmax(1)==labels).sum.item():  24
num_correct_before: 272
num_correct_after: 296
test_num:  12
-----------------------------------------------------
labels:  tensor([[1],
        [0],
        [0],
        [0],
        [0],
        [0],
        [0],
        [0],
        [0],
        [0],
        [1],
        [0],
        [0],
        [0],
        [0],
        [0],
        [0],
        [0],
        [0],
        [0],
        [0],
        [0],
        [1],
        [0],
        [0],
        [0],
        [0],
        [1],
        [0],
        [0],
        [0],
        [1]])
pred:  tensor([[ 0.9836, -0.9886],
        [ 0.7799, -0.9508],
        [ 0.8636, -0.9152],
        [ 0.7261, -0.8152],
        [ 0.7291, -0.8189],
        [ 0.7245, -0.8168],
        [ 0.7244, -0.8140],
        [ 0.8139, -0.9510],
        [ 0.9930, -1.0258],
        [ 0.8928, -1.0634],
        [ 0.7374, -0.7548],
        [ 0.9380, -1.1059],
        [ 0.9971, -1.0241],
        [ 0.9444, -1.1023],
        [ 1.1043, -1.1334],
        [ 0.8160, -0.9726],
        [ 0.7554, -0.9571],
        [ 0.5975, -0.7423],
        [ 0.8421, -0.9389],
        [ 0.6939, -0.8854],
        [ 0.5703, -0.7440],
        [ 0.9173, -1.0829],
        [ 1.0285, -1.0230],
        [ 0.8410, -1.0304],
        [ 0.9152, -1.0826],
        [ 0.9707, -0.9697],
        [ 0.9406, -1.0732],
        [ 0.8794, -1.0334],
        [ 0.8597, -1.0363],
        [ 0.9824, -1.0071],
        [ 0.8787, -1.0327],
        [ 0.5277, -0.6407]])
pred.argmax(1):  tensor([0, 0, 0, 0, 0, 0, 0, 0, 0, 0, 0, 0, 0, 0, 0, 0, 0, 0, 0, 0, 0, 0, 0, 0,
        0, 0, 0, 0, 0, 0, 0, 0])
pred.argmax(1).squeeze():  tensor([0, 0, 0, 0, 0, 0, 0, 0, 0, 0, 0, 0, 0, 0, 0, 0, 0, 0, 0, 0, 0, 0, 0, 0,
        0, 0, 0, 0, 0, 0, 0, 0])
(pred.argmax(1)==labels).sum:  tensor(27)
(pred.argmax(1)==labels).sum.item():  27
num_correct_before: 296
num_correct_after: 323
test_num:  13
-----------------------------------------------------
labels:  tensor([[0],
        [0],
        [0],
        [0],
        [0],
        [0],
        [0],
        [0],
        [0],
        [0],
        [0],
        [1],
        [0],
        [0],
        [0],
        [0],
        [0],
        [0],
        [0],
        [0],
        [0],
        [0],
        [0],
        [0],
        [0],
        [1],
        [0],
        [0],
        [0],
        [1],
        [0],
        [0]])
pred:  tensor([[ 0.7966, -1.0045],
        [ 0.7778, -0.9333],
        [ 0.9395, -1.0591],
        [ 0.9428, -1.0620],
        [ 0.7808, -0.9368],
        [ 0.9409, -1.0625],
        [ 0.7979, -1.0052],
        [ 0.8719, -0.9703],
        [ 0.8329, -1.0093],
        [ 0.7616, -0.8433],
        [ 0.6798, -0.8264],
        [ 0.6935, -0.8874],
        [ 0.8234, -0.9966],
        [ 0.9102, -1.0341],
        [ 0.7636, -0.9699],
        [ 0.9047, -1.0212],
        [ 0.9076, -1.0239],
        [ 0.9060, -1.0243],
        [ 0.7648, -0.9704],
        [ 0.7956, -0.9694],
        [ 1.0948, -1.0304],
        [ 0.8355, -0.8240],
        [ 0.9952, -1.1536],
        [ 0.5212, -0.7639],
        [ 0.7949, -0.9588],
        [ 0.8006, -0.9201],
        [ 0.9674, -1.1637],
        [ 0.7338, -0.9296],
        [ 0.7311, -0.9027],
        [ 0.7609, -1.0145],
        [ 0.6170, -0.9374],
        [ 0.7134, -0.9882]])
pred.argmax(1):  tensor([0, 0, 0, 0, 0, 0, 0, 0, 0, 0, 0, 0, 0, 0, 0, 0, 0, 0, 0, 0, 0, 0, 0, 0,
        0, 0, 0, 0, 0, 0, 0, 0])
pred.argmax(1).squeeze():  tensor([0, 0, 0, 0, 0, 0, 0, 0, 0, 0, 0, 0, 0, 0, 0, 0, 0, 0, 0, 0, 0, 0, 0, 0,
        0, 0, 0, 0, 0, 0, 0, 0])
(pred.argmax(1)==labels).sum:  tensor(29)
(pred.argmax(1)==labels).sum.item():  29
num_correct_before: 323
num_correct_after: 352
test_num:  14
-----------------------------------------------------
labels:  tensor([[0],
        [1],
        [0],
        [0],
        [0],
        [1],
        [0],
        [0],
        [1],
        [1],
        [0],
        [0],
        [0],
        [0],
        [0],
        [0],
        [0],
        [1],
        [1]])
pred:  tensor([[ 0.8247, -0.8758],
        [ 0.4693, -0.7171],
        [ 0.5791, -0.7817],
        [ 0.5828, -0.8775],
        [ 0.5781, -0.6984],
        [ 0.8475, -0.9095],
        [ 1.2507, -1.1530],
        [ 0.7294, -1.0425],
        [ 0.6093, -0.7647],
        [ 0.8648, -0.9036],
        [ 1.1697, -1.1339],
        [ 0.6359, -0.9020],
        [ 0.6286, -0.8942],
        [ 0.0912, -0.4514],
        [ 0.0897, -0.4478],
        [ 0.6976, -0.9893],
        [ 1.4392, -1.2376],
        [ 1.0971, -1.1688],
        [ 0.8921, -1.0711]])
pred.argmax(1):  tensor([0, 0, 0, 0, 0, 0, 0, 0, 0, 0, 0, 0, 0, 0, 0, 0, 0, 0, 0])
pred.argmax(1).squeeze():  tensor([0, 0, 0, 0, 0, 0, 0, 0, 0, 0, 0, 0, 0, 0, 0, 0, 0, 0, 0])
(pred.argmax(1)==labels).sum:  tensor(13)
(pred.argmax(1)==labels).sum.item():  13
num_correct_before: 352
num_correct_after: 365
---------------------------------------------------------
num_correct:  365
num_tests:  467
Test accuracy: 0.7815845824411135
Total_time: 0.012651681900024414
---------------------------------------------------------
KeyMM_1_time:  0.0009336471557617188
KeyMM_2_time:  0.0008397102355957031
linear_1_time:  0.00029720994643867016
linear_2_time:  0.0002462463453412056
bias_1_time:  0.00023746490478515625
bias_2_time:  0.00015234947204589844
numpy_transform_1_B_time:  8.177757263183594e-05
numpy_transform_2_B_time:  4.363059997558594e-05
numpy_transform_1_W_time:  4.744529724121094e-05
numpy_transform_2_W_time:  5.817413330078125e-05
numpy_transform_1_bias_time:  4.553794860839844e-05
numpy_transform_2_bias_time:  3.218650817871094e-05
torch_transform_1_time:  3.886222839355469e-05
torch_transform_2_time:  2.0503997802734375e-05
---------------------------------------------------------
get_adj_from_graph_time:  0.0050067901611328125
get_norm_time:  8.893013000488281e-05
norm_transform_time:  7.176399230957031e-05
DAD_time1:  0.000232696533203125
DAD_time1:  0.0002548694610595703
DAD_time1:  0.00022745132446289062
DAD_time1:  0.00020456314086914062
---------------------------------------------------------
Normalization_time:  0
conv1_time:  0.0018608570098876953
relu_time:  0.0002758502960205078
conv2_time:  0.0015552043914794922
meanNode_time:  0.002437591552734375
---------------------------------------------------------
Infer time: 0.004611492156982422
