The Dataload time is :  0.00011229515075683594
[Graph(num_nodes=710, num_edges=2202,
      ndata_schemes={'_ID': Scheme(shape=(), dtype=torch.int64), 'node_attr': Scheme(shape=(3,), dtype=torch.float64), 'node_labels': Scheme(shape=(1,), dtype=torch.int64), 'norm': Scheme(shape=(), dtype=torch.float32)}
      edata_schemes={'_ID': Scheme(shape=(), dtype=torch.int64)}), tensor([[0],
        [0],
        [0],
        [0],
        [1],
        [1],
        [1],
        [1],
        [1],
        [1],
        [1],
        [1],
        [0],
        [1],
        [1],
        [1],
        [1],
        [1],
        [1],
        [1],
        [1],
        [1],
        [1],
        [1],
        [1],
        [1],
        [1],
        [1],
        [1],
        [1],
        [0],
        [1]])]
Number of nodes for each graph element in the batch: tensor([20, 20, 20, 20, 20, 20, 20, 20, 20, 20, 20, 20, 20, 21, 22, 23, 23, 23,
        23, 23, 23, 23, 23, 24, 24, 24, 24, 25, 25, 25, 26, 26])
Number of edges for each graph element in the batch: tensor([62, 62, 62, 62, 62, 62, 62, 62, 62, 62, 62, 62, 62, 65, 68, 71, 71, 71,
        71, 71, 71, 71, 71, 74, 74, 74, 74, 79, 79, 79, 82, 80])
The original graphs in the minibatch:
state_dict:  OrderedDict([('conv1.weight', tensor([[ 7.8865e-04,  1.6466e-01,  2.5508e-01, -1.8661e-01, -3.5895e-03,
         -2.1596e-01,  3.2052e-01, -5.1749e-01,  8.8719e-02,  3.5619e-01,
         -1.2587e-01, -1.1896e-03,  4.0410e-01, -2.2378e-01, -4.3456e-01,
         -4.2435e-02],
        [-1.2818e-03, -3.6728e-01,  1.0609e-01, -4.4085e-01, -6.1673e-03,
          5.0344e-01,  5.4757e-01, -1.7533e-01, -3.8544e-01, -8.3280e-01,
         -3.4500e-01, -1.2627e-01, -9.0998e-01,  7.8713e-02, -2.4182e-01,
         -1.8002e-01],
        [-1.2860e-02, -3.5376e-01,  4.6574e-01, -4.9668e-01,  1.1070e-01,
         -3.0665e-01, -7.0335e-02,  8.4728e-01,  1.1514e-01,  4.6702e-01,
         -3.4119e-01,  9.4339e-01,  5.1291e-01,  8.0050e-01, -4.7145e-01,
         -4.3921e-02]])), ('conv1.bias', tensor([ 0.0220, -1.2797, -0.2407, -0.9236, -0.3113,  0.1518,  0.1324, -0.1134,
        -0.0166, -0.3507, -0.8945, -0.2119, -0.5812, -0.3184, -0.6192, -0.6675])), ('conv2.weight', tensor([[-0.0114,  0.0073],
        [-0.1817,  0.2231],
        [-0.0700, -0.3927],
        [ 0.3907, -0.0747],
        [ 0.3774,  0.4278],
        [-0.2741,  0.2821],
        [-0.1979,  0.4797],
        [ 0.5094, -0.4255],
        [-0.2512, -0.1068],
        [-0.7998,  0.0518],
        [ 0.1556, -0.2281],
        [ 0.4148, -0.0481],
        [-0.3470,  0.2181],
        [ 0.2252, -0.0870],
        [ 0.0250, -0.5846],
        [ 0.1577,  0.0613]])), ('conv2.bias', tensor([-0.2694,  0.2694]))])
test_num:  0
-----------------------------------------------------
labels:  tensor([[0],
        [0],
        [0],
        [0],
        [1],
        [1],
        [1],
        [1],
        [1],
        [1],
        [1],
        [1],
        [0],
        [1],
        [1],
        [1],
        [1],
        [1],
        [1],
        [1],
        [1],
        [1],
        [1],
        [1],
        [1],
        [1],
        [1],
        [1],
        [1],
        [1],
        [0],
        [1]])
pred:  tensor([[-0.6583,  0.1760],
        [-0.6664,  0.1758],
        [-0.6316,  0.1634],
        [-0.6353,  0.1631],
        [-0.6509,  0.1732],
        [-0.6467,  0.1693],
        [-0.6450,  0.1676],
        [-0.6427,  0.1654],
        [-0.6573,  0.1760],
        [-0.6637,  0.1771],
        [-0.6664,  0.1774],
        [-0.6629,  0.1707],
        [-0.6615,  0.1690],
        [-0.2121,  0.0454],
        [-0.1476,  0.0195],
        [-0.6541,  0.1706],
        [-0.6575,  0.1773],
        [-0.5112,  0.0707],
        [-0.5122,  0.0661],
        [-0.7916,  0.1756],
        [-0.8005,  0.1753],
        [-0.5323,  0.0613],
        [-0.4230,  0.0029],
        [-0.6250,  0.0881],
        [-0.5386,  0.0861],
        [-0.4480,  0.0808],
        [-0.5013,  0.0391],
        [-0.5235,  0.0309],
        [-0.9217,  0.2950],
        [-1.0440,  0.2262],
        [-0.5976,  0.0840],
        [-0.6423,  0.0908]])
pred.argmax(1):  tensor([1, 1, 1, 1, 1, 1, 1, 1, 1, 1, 1, 1, 1, 1, 1, 1, 1, 1, 1, 1, 1, 1, 1, 1,
        1, 1, 1, 1, 1, 1, 1, 1])
pred.argmax(1).squeeze():  tensor([1, 1, 1, 1, 1, 1, 1, 1, 1, 1, 1, 1, 1, 1, 1, 1, 1, 1, 1, 1, 1, 1, 1, 1,
        1, 1, 1, 1, 1, 1, 1, 1])
(pred.argmax(1)==labels).sum:  tensor(26)
(pred.argmax(1)==labels).sum.item():  26
num_correct_before: 0
num_correct_after: 26
test_num:  1
-----------------------------------------------------
labels:  tensor([[1],
        [1],
        [1],
        [1],
        [1],
        [1],
        [1],
        [1],
        [1],
        [1],
        [1],
        [1],
        [1],
        [1],
        [1],
        [1],
        [1],
        [0],
        [1],
        [1],
        [1],
        [1],
        [0],
        [0],
        [1],
        [1],
        [1],
        [1],
        [1],
        [1],
        [1],
        [1]])
pred:  tensor([[-0.5592,  0.0594],
        [-0.9490,  0.0554],
        [-0.2273, -0.0475],
        [-0.2488, -0.0354],
        [-0.7268,  0.1030],
        [-0.7283,  0.0989],
        [-0.5223, -0.0117],
        [-0.9294,  0.0244],
        [-0.9618,  0.0195],
        [-0.8267, -0.0405],
        [-0.5777,  0.0589],
        [-0.2154, -0.0604],
        [-0.6576,  0.1016],
        [-0.5414,  0.0179],
        [-0.5459,  0.0165],
        [-0.5342,  0.0048],
        [-0.7018,  0.1151],
        [-0.4887, -0.0116],
        [-0.4911,  0.0184],
        [-0.4764,  0.0950],
        [-0.4569,  0.0846],
        [-0.5591, -0.0888],
        [-0.0217, -0.1418],
        [-0.6938,  0.0412],
        [-0.7004,  0.0405],
        [-0.4418,  0.0418],
        [-0.7294, -0.0533],
        [-0.6887, -0.0991],
        [-0.3621, -0.0295],
        [-0.4536, -0.0332],
        [-0.8004, -0.1173],
        [-0.5380,  0.0751]])
pred.argmax(1):  tensor([1, 1, 1, 1, 1, 1, 1, 1, 1, 1, 1, 1, 1, 1, 1, 1, 1, 1, 1, 1, 1, 1, 0, 1,
        1, 1, 1, 1, 1, 1, 1, 1])
pred.argmax(1).squeeze():  tensor([1, 1, 1, 1, 1, 1, 1, 1, 1, 1, 1, 1, 1, 1, 1, 1, 1, 1, 1, 1, 1, 1, 0, 1,
        1, 1, 1, 1, 1, 1, 1, 1])
(pred.argmax(1)==labels).sum:  tensor(30)
(pred.argmax(1)==labels).sum.item():  30
num_correct_before: 26
num_correct_after: 56
test_num:  2
-----------------------------------------------------
labels:  tensor([[0],
        [0],
        [1],
        [1],
        [1],
        [1],
        [1],
        [1],
        [1],
        [0],
        [1],
        [0],
        [1],
        [0],
        [1],
        [1],
        [1],
        [1],
        [1],
        [1],
        [1],
        [1],
        [1],
        [1],
        [1],
        [1],
        [1],
        [1],
        [1],
        [1],
        [1],
        [1]])
pred:  tensor([[-0.3498,  0.0187],
        [-0.0814, -0.1996],
        [-0.3266,  0.0136],
        [-0.3308,  0.0151],
        [-0.0561, -0.2174],
        [-0.5700, -0.0227],
        [-0.5252, -0.0749],
        [-0.5242, -0.0750],
        [-0.7831,  0.1181],
        [-0.6799, -0.1143],
        [-1.1251,  0.1527],
        [-0.3105, -0.0114],
        [-0.1993, -0.0982],
        [-0.3076, -0.0136],
        [-0.1214, -0.2047],
        [-0.5918,  0.0399],
        [-0.6693,  0.0963],
        [-0.0871, -0.3247],
        [-0.0969, -0.3258],
        [-0.1074, -0.3181],
        [-0.0780, -0.3256],
        [ 0.0485, -0.3398],
        [-1.3813,  0.4159],
        [-0.3394, -0.1666],
        [-0.3508, -0.1630],
        [-0.5220, -0.0678],
        [-0.4162, -0.1548],
        [-0.0734, -0.2193],
        [-0.9448,  0.2276],
        [ 0.0293, -0.3377],
        [ 0.0205, -0.3306],
        [-0.6024, -0.0208]])
pred.argmax(1):  tensor([1, 0, 1, 1, 0, 1, 1, 1, 1, 1, 1, 1, 1, 1, 0, 1, 1, 0, 0, 0, 0, 0, 1, 1,
        1, 1, 1, 0, 1, 0, 0, 1])
pred.argmax(1).squeeze():  tensor([1, 0, 1, 1, 0, 1, 1, 1, 1, 1, 1, 1, 1, 1, 0, 1, 1, 0, 0, 0, 0, 0, 1, 1,
        1, 1, 1, 0, 1, 0, 0, 1])
(pred.argmax(1)==labels).sum:  tensor(18)
(pred.argmax(1)==labels).sum.item():  18
num_correct_before: 56
num_correct_after: 74
test_num:  3
-----------------------------------------------------
labels:  tensor([[1],
        [1],
        [1],
        [1],
        [1],
        [1],
        [1],
        [1],
        [1],
        [1],
        [1],
        [1],
        [0],
        [1],
        [1],
        [1],
        [0],
        [1],
        [1],
        [1],
        [0],
        [1],
        [1],
        [0],
        [1],
        [0],
        [1],
        [1],
        [0],
        [0],
        [1],
        [1]])
pred:  tensor([[-0.1440, -0.2873],
        [ 0.0840, -0.3252],
        [ 0.0395, -0.3847],
        [-0.0504, -0.3089],
        [-0.0384, -0.3135],
        [-0.4141, -0.1302],
        [-0.4175, -0.1234],
        [-0.7893, -0.0846],
        [ 0.0387, -0.3101],
        [-0.4129, -0.0310],
        [-0.1702, -0.3275],
        [-0.8667, -0.1368],
        [-0.6415, -0.1206],
        [-1.0386,  0.1258],
        [-0.9958,  0.3392],
        [-0.0534, -0.2395],
        [-0.6345,  0.0393],
        [ 0.1654, -0.2912],
        [-0.1417, -0.1572],
        [-0.0950, -0.0814],
        [-0.0491, -0.1310],
        [-0.2166, -0.0379],
        [-0.1697, -0.1720],
        [-0.1261, -0.2793],
        [ 0.0322, -0.3219],
        [-0.1219, -0.2839],
        [ 0.0376, -0.2529],
        [ 0.0543, -0.2554],
        [ 0.0348, -0.3261],
        [ 0.0290, -0.3250],
        [ 0.0527, -0.2572],
        [-0.0882, -0.0593]])
pred.argmax(1):  tensor([0, 0, 0, 0, 0, 1, 1, 1, 0, 1, 0, 1, 1, 1, 1, 0, 1, 0, 0, 1, 0, 1, 0, 0,
        0, 0, 0, 0, 0, 0, 0, 1])
pred.argmax(1).squeeze():  tensor([0, 0, 0, 0, 0, 1, 1, 1, 0, 1, 0, 1, 1, 1, 1, 0, 1, 0, 0, 1, 0, 1, 0, 0,
        0, 0, 0, 0, 0, 0, 0, 1])
(pred.argmax(1)==labels).sum:  tensor(15)
(pred.argmax(1)==labels).sum.item():  15
num_correct_before: 74
num_correct_after: 89
test_num:  4
-----------------------------------------------------
labels:  tensor([[0],
        [0],
        [0],
        [1],
        [1],
        [1],
        [1],
        [1],
        [0],
        [1],
        [0],
        [1],
        [1],
        [1],
        [1],
        [1],
        [1],
        [1],
        [1],
        [1],
        [1],
        [1],
        [1],
        [1],
        [1],
        [1],
        [1],
        [0],
        [1],
        [1],
        [1],
        [1]])
pred:  tensor([[-0.2636,  0.0560],
        [-0.3771, -0.0285],
        [-0.0276, -0.3434],
        [-0.2103, -0.2878],
        [-0.8346,  0.1500],
        [ 0.1608, -0.4655],
        [ 0.0169, -0.4212],
        [-0.3118, -0.2229],
        [-0.0500, -0.3251],
        [-0.8599, -0.0983],
        [-0.0520, -0.3213],
        [-0.2616, -0.0775],
        [-0.2419,  0.0093],
        [ 0.1157, -0.3026],
        [-0.1387, -0.2737],
        [-0.1686, -0.2678],
        [-0.4692, -0.1217],
        [-0.4763, -0.0756],
        [-0.4826, -0.1130],
        [-0.4855, -0.0667],
        [-1.2170,  0.0805],
        [-1.1369,  0.0017],
        [-1.0794, -0.0549],
        [-1.1507,  0.0191],
        [-0.8984,  0.0494],
        [-1.3188,  0.2509],
        [-1.2727,  0.4088],
        [-0.6928, -0.1145],
        [-0.2412, -0.0687],
        [ 0.0613, -0.2086],
        [ 0.1496, -0.4557],
        [ 0.1520, -0.4541]])
pred.argmax(1):  tensor([1, 1, 0, 0, 1, 0, 0, 1, 0, 1, 0, 1, 1, 0, 0, 0, 1, 1, 1, 1, 1, 1, 1, 1,
        1, 1, 1, 1, 1, 0, 0, 0])
pred.argmax(1).squeeze():  tensor([1, 1, 0, 0, 1, 0, 0, 1, 0, 1, 0, 1, 1, 0, 0, 0, 1, 1, 1, 1, 1, 1, 1, 1,
        1, 1, 1, 1, 1, 0, 0, 0])
(pred.argmax(1)==labels).sum:  tensor(20)
(pred.argmax(1)==labels).sum.item():  20
num_correct_before: 89
num_correct_after: 109
test_num:  5
-----------------------------------------------------
labels:  tensor([[0],
        [1],
        [0],
        [1],
        [0],
        [1],
        [1],
        [0],
        [0],
        [0],
        [1],
        [1],
        [1],
        [1],
        [1],
        [1],
        [0],
        [1],
        [1],
        [1],
        [0],
        [1],
        [1],
        [0],
        [1],
        [0],
        [1],
        [0],
        [0],
        [0],
        [0],
        [0]])
pred:  tensor([[-9.5231e-02, -1.1171e-01],
        [-2.6542e-01, -2.5283e-01],
        [ 8.9466e-02, -2.8946e-01],
        [ 3.3737e-02, -3.8263e-01],
        [-3.8283e-01, -1.1627e-01],
        [ 4.5549e-04, -1.5757e-01],
        [-6.9228e-01, -7.0323e-02],
        [-2.5026e-02, -3.3230e-01],
        [-2.2732e-02, -3.3950e-01],
        [-1.3877e-02, -3.4474e-01],
        [-4.0138e-01, -9.6321e-02],
        [-3.7360e-01, -2.0046e-01],
        [-3.1558e-01, -2.1807e-01],
        [-1.0286e+00, -8.5017e-03],
        [-1.9261e-01, -1.8581e-01],
        [-3.7015e-01, -7.3098e-02],
        [-5.0914e-01,  1.4504e-02],
        [-3.3636e-01, -1.3281e-01],
        [-1.2285e-01, -2.5381e-01],
        [-1.3398e-01, -2.5216e-01],
        [-1.3962e-01, -2.5047e-01],
        [ 6.3989e-03, -3.0836e-01],
        [-2.4911e-01, -1.6543e-01],
        [ 3.0203e-02, -1.8305e-01],
        [ 1.0084e-02, -1.8115e-01],
        [-6.1872e-02, -2.6394e-01],
        [-5.5864e-02, -2.6493e-01],
        [ 2.5685e-02, -1.8135e-01],
        [-1.8543e-02, -1.7375e-01],
        [ 2.4976e-02, -2.8760e-01],
        [ 2.3256e-02, -2.8832e-01],
        [-3.0557e-02, -1.7499e-01]])
pred.argmax(1):  tensor([0, 1, 0, 0, 1, 0, 1, 0, 0, 0, 1, 1, 1, 1, 1, 1, 1, 1, 0, 0, 0, 0, 1, 0,
        0, 0, 0, 0, 0, 0, 0, 0])
pred.argmax(1).squeeze():  tensor([0, 1, 0, 0, 1, 0, 1, 0, 0, 0, 1, 1, 1, 1, 1, 1, 1, 1, 0, 0, 0, 0, 1, 0,
        0, 0, 0, 0, 0, 0, 0, 0])
(pred.argmax(1)==labels).sum:  tensor(23)
(pred.argmax(1)==labels).sum.item():  23
num_correct_before: 109
num_correct_after: 132
test_num:  6
-----------------------------------------------------
labels:  tensor([[0],
        [0],
        [0],
        [0],
        [1],
        [0],
        [0],
        [0],
        [0],
        [1],
        [0],
        [0],
        [0],
        [0],
        [0],
        [1],
        [1],
        [1],
        [0],
        [1],
        [1],
        [1],
        [1],
        [1],
        [0],
        [1],
        [1],
        [1],
        [1],
        [1],
        [0],
        [1]])
pred:  tensor([[-0.0150, -0.1878],
        [-0.0582, -0.2661],
        [ 0.0216, -0.1847],
        [-0.0106, -0.1893],
        [-0.2564, -0.0354],
        [ 0.0401, -0.2776],
        [ 0.0450, -0.2823],
        [-0.2175, -0.2511],
        [-0.1085, -0.2526],
        [-0.1605, -0.0232],
        [ 0.0375, -0.2722],
        [-0.0963, -0.2105],
        [-0.1836, -0.2530],
        [-0.2179, -0.2511],
        [-0.2151, -0.2528],
        [-0.1700, -0.4276],
        [-0.3927, -0.1722],
        [-0.9004,  0.1527],
        [-0.8950,  0.1222],
        [-0.6418, -0.0771],
        [-1.2304,  0.0351],
        [-1.1716, -0.1500],
        [-1.0041, -0.0937],
        [-0.5440, -0.4045],
        [-0.5903, -0.1543],
        [-0.6451, -0.1998],
        [-1.3504,  0.2814],
        [-1.1758,  0.0862],
        [-1.4173,  0.2442],
        [-1.1005,  0.2323],
        [-0.1105, -0.2964],
        [ 0.5960, -0.4989]])
pred.argmax(1):  tensor([0, 0, 0, 0, 1, 0, 0, 0, 0, 1, 0, 0, 0, 0, 0, 0, 1, 1, 1, 1, 1, 1, 1, 1,
        1, 1, 1, 1, 1, 1, 0, 0])
pred.argmax(1).squeeze():  tensor([0, 0, 0, 0, 1, 0, 0, 0, 0, 1, 0, 0, 0, 0, 0, 0, 1, 1, 1, 1, 1, 1, 1, 1,
        1, 1, 1, 1, 1, 1, 0, 0])
(pred.argmax(1)==labels).sum:  tensor(28)
(pred.argmax(1)==labels).sum.item():  28
num_correct_before: 132
num_correct_after: 160
test_num:  7
-----------------------------------------------------
labels:  tensor([[1],
        [0],
        [0],
        [0],
        [1],
        [1],
        [0],
        [0],
        [0],
        [0],
        [1],
        [1],
        [1],
        [1],
        [1],
        [1],
        [1],
        [1],
        [1],
        [1],
        [1],
        [1],
        [1],
        [0],
        [0],
        [0],
        [1],
        [1],
        [0],
        [0],
        [0],
        [0]])
pred:  tensor([[ 0.0666, -0.3142],
        [-0.1770, -0.3171],
        [-0.6162, -0.0286],
        [-0.0403, -0.1249],
        [-0.0826, -0.3492],
        [ 0.1052, -0.4482],
        [ 0.2201, -0.4727],
        [-0.7142, -0.0477],
        [-0.2940, -0.0465],
        [ 0.0396, -0.2630],
        [-0.2210, -0.1587],
        [-0.7228, -0.0263],
        [-0.6449,  0.0223],
        [-0.6720, -0.0510],
        [-0.6876, -0.1326],
        [-0.2905, -0.1305],
        [-0.2416, -0.1577],
        [-0.3739, -0.1155],
        [-1.0716,  0.2107],
        [-0.7170, -0.2203],
        [-0.8053, -0.1921],
        [-0.8097, -0.1924],
        [-0.7945, -0.1951],
        [ 0.0578, -0.3747],
        [ 0.3600, -0.4236],
        [-0.4070, -0.1091],
        [ 0.1602, -0.2962],
        [ 0.4374, -0.4166],
        [ 0.3601, -0.3810],
        [ 0.3522, -0.3759],
        [ 0.4452, -0.4195],
        [ 0.4293, -0.4109]])
pred.argmax(1):  tensor([0, 0, 1, 0, 0, 0, 0, 1, 1, 0, 1, 1, 1, 1, 1, 1, 1, 1, 1, 1, 1, 1, 1, 0,
        0, 1, 0, 0, 0, 0, 0, 0])
pred.argmax(1).squeeze():  tensor([0, 0, 1, 0, 0, 0, 0, 1, 1, 0, 1, 1, 1, 1, 1, 1, 1, 1, 1, 1, 1, 1, 1, 0,
        0, 1, 0, 0, 0, 0, 0, 0])
(pred.argmax(1)==labels).sum:  tensor(23)
(pred.argmax(1)==labels).sum.item():  23
num_correct_before: 160
num_correct_after: 183
test_num:  8
-----------------------------------------------------
labels:  tensor([[0],
        [0],
        [0],
        [0],
        [0],
        [1],
        [1],
        [0],
        [0],
        [0],
        [0],
        [0],
        [0],
        [0],
        [1],
        [1],
        [1],
        [1],
        [1],
        [1],
        [0],
        [1],
        [1],
        [1],
        [1],
        [1],
        [1],
        [1],
        [1],
        [1],
        [1],
        [1]])
pred:  tensor([[ 5.9882e-01, -4.8876e-01],
        [ 2.0281e-01, -4.8674e-01],
        [ 5.8714e-01, -4.8500e-01],
        [ 2.0573e-01, -4.8813e-01],
        [-1.4915e-01, -2.6978e-01],
        [-5.6949e-01, -1.6677e-01],
        [-7.7055e-01, -6.8186e-02],
        [ 3.2156e-01, -4.4627e-01],
        [ 2.3252e-04, -4.4498e-01],
        [-2.6458e-01, -2.4678e-01],
        [-2.4844e-01, -2.5342e-01],
        [ 2.1461e-02, -4.2685e-01],
        [ 9.8048e-02, -4.4762e-01],
        [ 1.3269e-01, -4.6521e-01],
        [-9.5898e-02, -2.3619e-01],
        [-1.8107e-02, -3.7362e-01],
        [-1.1228e+00, -2.6406e-03],
        [-1.0543e+00, -5.0819e-02],
        [-1.3019e+00,  1.1169e-01],
        [-1.2463e+00,  6.6163e-02],
        [-1.2707e-01, -1.0239e-01],
        [-3.9734e-01, -6.7348e-03],
        [-1.0615e+00,  2.3736e-01],
        [ 1.1826e-01, -2.2148e-01],
        [-1.0341e+00,  3.2045e-01],
        [-5.7516e-01, -1.6181e-01],
        [-2.8789e-01, -1.7333e-01],
        [ 3.4087e-01, -5.8792e-01],
        [ 3.7399e-01, -5.5647e-01],
        [-1.0299e-01, -2.2399e-01],
        [ 2.5737e-02, -3.6092e-01],
        [-3.6176e-01, -1.7209e-01]])
pred.argmax(1):  tensor([0, 0, 0, 0, 0, 1, 1, 0, 0, 1, 0, 0, 0, 0, 0, 0, 1, 1, 1, 1, 1, 1, 1, 0,
        1, 1, 1, 0, 0, 0, 0, 1])
pred.argmax(1).squeeze():  tensor([0, 0, 0, 0, 0, 1, 1, 0, 0, 1, 0, 0, 0, 0, 0, 0, 1, 1, 1, 1, 1, 1, 1, 0,
        1, 1, 1, 0, 0, 0, 0, 1])
(pred.argmax(1)==labels).sum:  tensor(23)
(pred.argmax(1)==labels).sum.item():  23
num_correct_before: 183
num_correct_after: 206
test_num:  9
-----------------------------------------------------
labels:  tensor([[0],
        [1],
        [1],
        [0],
        [0],
        [0],
        [0],
        [1],
        [1],
        [1],
        [0],
        [0],
        [0],
        [0],
        [0],
        [0],
        [0],
        [1],
        [1],
        [0],
        [0],
        [0],
        [1],
        [1],
        [1],
        [1],
        [1],
        [1],
        [1],
        [1],
        [0],
        [1]])
pred:  tensor([[-0.3233, -0.2022],
        [ 0.4673, -0.4298],
        [-1.4460,  0.4092],
        [ 0.0864, -0.2144],
        [ 0.1479, -0.2820],
        [ 0.1487, -0.2843],
        [ 0.3746, -0.4107],
        [ 0.0082, -0.3190],
        [-0.3233,  0.0076],
        [-0.4331, -0.0896],
        [-0.3110, -0.0753],
        [ 0.0527, -0.2239],
        [ 0.0509, -0.2246],
        [ 0.0519, -0.2236],
        [-0.0212, -0.4106],
        [-0.0647, -0.3696],
        [ 0.2749, -0.4334],
        [-0.0410, -0.3316],
        [-0.3041, -0.0583],
        [ 0.0652, -0.2212],
        [-0.1324, -0.3195],
        [ 0.0494, -0.2228],
        [-0.0659, -0.2651],
        [-0.6321, -0.0612],
        [-0.5251, -0.0517],
        [-0.5040, -0.1026],
        [-0.4838, -0.0751],
        [-0.4976, -0.0964],
        [-0.5273,  0.0140],
        [-0.8459, -0.2058],
        [-1.4358,  0.5196],
        [-1.0724,  0.3370]])
pred.argmax(1):  tensor([1, 0, 1, 0, 0, 0, 0, 0, 1, 1, 1, 0, 0, 0, 0, 0, 0, 0, 1, 0, 0, 0, 0, 1,
        1, 1, 1, 1, 1, 1, 1, 1])
pred.argmax(1).squeeze():  tensor([1, 0, 1, 0, 0, 0, 0, 0, 1, 1, 1, 0, 0, 0, 0, 0, 0, 0, 1, 0, 0, 0, 0, 1,
        1, 1, 1, 1, 1, 1, 1, 1])
(pred.argmax(1)==labels).sum:  tensor(25)
(pred.argmax(1)==labels).sum.item():  25
num_correct_before: 206
num_correct_after: 231
test_num:  10
-----------------------------------------------------
labels:  tensor([[1],
        [1],
        [1],
        [0],
        [0],
        [0],
        [0],
        [0],
        [0],
        [0],
        [0],
        [0],
        [0],
        [0],
        [0],
        [0],
        [0],
        [1],
        [0],
        [0],
        [0],
        [1],
        [1],
        [1],
        [1],
        [1],
        [1],
        [1],
        [1],
        [1],
        [1],
        [1]])
pred:  tensor([[-0.6032, -0.2449],
        [-0.3840, -0.1312],
        [ 0.2845, -0.4725],
        [ 0.2975, -0.4653],
        [-0.2945, -0.1892],
        [ 0.2465, -0.4167],
        [-0.0645, -0.3322],
        [ 0.1112, -0.2560],
        [ 0.1936, -0.3344],
        [ 0.0960, -0.2663],
        [ 0.1962, -0.3373],
        [ 0.0895, -0.2959],
        [ 0.0386, -0.3536],
        [ 0.0252, -0.3578],
        [ 0.0333, -0.3673],
        [ 0.1603, -0.3588],
        [ 0.2535, -0.3889],
        [ 0.1188, -0.5410],
        [-0.0366, -0.3000],
        [-0.1659, -0.3324],
        [-0.0209, -0.4024],
        [-0.3177, -0.3597],
        [-0.2135, -0.1979],
        [-0.1154, -0.2545],
        [-0.2239, -0.1932],
        [-0.5101, -0.1169],
        [-0.3053, -0.2143],
        [-0.4065, -0.1818],
        [-0.6947, -0.2092],
        [-0.1869, -0.1826],
        [-0.3239, -0.1042],
        [-0.0862, -0.2622]])
pred.argmax(1):  tensor([1, 1, 0, 0, 1, 0, 0, 0, 0, 0, 0, 0, 0, 0, 0, 0, 0, 0, 0, 0, 0, 0, 1, 0,
        1, 1, 1, 1, 1, 1, 1, 0])
pred.argmax(1).squeeze():  tensor([1, 1, 0, 0, 1, 0, 0, 0, 0, 0, 0, 0, 0, 0, 0, 0, 0, 0, 0, 0, 0, 0, 1, 0,
        1, 1, 1, 1, 1, 1, 1, 0])
(pred.argmax(1)==labels).sum:  tensor(26)
(pred.argmax(1)==labels).sum.item():  26
num_correct_before: 231
num_correct_after: 257
test_num:  11
-----------------------------------------------------
labels:  tensor([[1],
        [1],
        [1],
        [1],
        [0],
        [1],
        [0],
        [0],
        [0],
        [1],
        [1],
        [1],
        [0],
        [0],
        [0],
        [0],
        [0],
        [0],
        [0],
        [1],
        [1],
        [1],
        [1],
        [1],
        [1],
        [1],
        [1],
        [1],
        [1],
        [1],
        [1],
        [1]])
pred:  tensor([[-0.8591,  0.0430],
        [-0.1620, -0.1001],
        [-0.6787,  0.0793],
        [ 0.5698, -0.5308],
        [ 0.0725, -0.1931],
        [-0.0370, -0.1487],
        [-0.0623, -0.1718],
        [ 0.5077, -0.5038],
        [ 0.5164, -0.5039],
        [-0.0845, -0.2525],
        [ 0.1143, -0.4859],
        [ 0.2846, -0.4598],
        [ 0.1651, -0.4946],
        [ 0.0579, -0.2743],
        [ 0.0518, -0.3632],
        [-0.5141, -0.1557],
        [-0.4697,  0.0399],
        [ 0.2586, -0.4159],
        [ 0.3394, -0.5031],
        [-0.0095, -0.3462],
        [-0.0317, -0.2893],
        [ 0.0974, -0.3376],
        [-0.0187, -0.2964],
        [-0.1726, -0.1959],
        [-0.4640, -0.3324],
        [-0.4854, -0.1539],
        [-0.9150,  0.2063],
        [-0.0444, -0.1996],
        [-0.5307, -0.1792],
        [-0.4492, -0.1165],
        [-0.5639, -0.0331],
        [-0.1341, -0.2047]])
pred.argmax(1):  tensor([1, 1, 1, 0, 0, 0, 0, 0, 0, 0, 0, 0, 0, 0, 0, 1, 1, 0, 0, 0, 0, 0, 0, 0,
        1, 1, 1, 0, 1, 1, 1, 0])
pred.argmax(1).squeeze():  tensor([1, 1, 1, 0, 0, 0, 0, 0, 0, 0, 0, 0, 0, 0, 0, 1, 1, 0, 0, 0, 0, 0, 0, 0,
        1, 1, 1, 0, 1, 1, 1, 0])
(pred.argmax(1)==labels).sum:  tensor(18)
(pred.argmax(1)==labels).sum.item():  18
num_correct_before: 257
num_correct_after: 275
test_num:  12
-----------------------------------------------------
labels:  tensor([[1],
        [1],
        [1],
        [1],
        [1],
        [0],
        [0],
        [0],
        [1],
        [1],
        [1],
        [1],
        [0],
        [0],
        [0],
        [1],
        [0],
        [0],
        [0],
        [0],
        [1],
        [0],
        [1],
        [1],
        [1],
        [1],
        [1],
        [1],
        [1],
        [1],
        [1],
        [1]])
pred:  tensor([[-0.4236, -0.0909],
        [-0.3574, -0.0910],
        [-0.4205, -0.0930],
        [ 0.3457, -0.5231],
        [-0.0112, -0.2169],
        [-0.7447, -0.2327],
        [-0.8134, -0.2316],
        [ 0.1980, -0.4804],
        [-0.7736, -0.2622],
        [ 0.1227, -0.2411],
        [-1.2591,  0.0057],
        [-0.1670, -0.1919],
        [-0.1178, -0.0607],
        [-0.1559, -0.1295],
        [ 0.0788, -0.2532],
        [-0.3769, -0.0146],
        [ 0.1238, -0.3498],
        [ 0.1244, -0.3498],
        [-0.1878, -0.2013],
        [-0.0798, -0.2129],
        [ 0.1253, -0.4849],
        [ 0.2415, -0.3174],
        [-0.3296, -0.1354],
        [-0.4011, -0.3485],
        [-0.2461, -0.2907],
        [-0.4075, -0.1623],
        [-0.2847, -0.1716],
        [ 0.1326, -0.3243],
        [-0.4572, -0.1689],
        [-0.4245, -0.1630],
        [-0.5190, -0.0963],
        [-0.5100, -0.1108]])
pred.argmax(1):  tensor([1, 1, 1, 0, 0, 1, 1, 0, 1, 0, 1, 0, 1, 1, 0, 1, 0, 0, 0, 0, 0, 0, 1, 1,
        0, 1, 1, 0, 1, 1, 1, 1])
pred.argmax(1).squeeze():  tensor([1, 1, 1, 0, 0, 1, 1, 0, 1, 0, 1, 0, 1, 1, 0, 1, 0, 0, 0, 0, 0, 0, 1, 1,
        0, 1, 1, 0, 1, 1, 1, 1])
(pred.argmax(1)==labels).sum:  tensor(21)
(pred.argmax(1)==labels).sum.item():  21
num_correct_before: 275
num_correct_after: 296
test_num:  13
-----------------------------------------------------
labels:  tensor([[1],
        [1],
        [1],
        [1],
        [1],
        [1],
        [1],
        [1],
        [1],
        [1],
        [1],
        [0],
        [0],
        [1],
        [0],
        [0],
        [0],
        [1],
        [0],
        [0],
        [1],
        [0],
        [0],
        [0],
        [0],
        [0],
        [1],
        [1],
        [0],
        [0],
        [0],
        [1]])
pred:  tensor([[-0.4260,  0.0410],
        [-0.5017,  0.0304],
        [-0.8587,  0.0949],
        [-0.9615,  0.1073],
        [-1.8322,  0.5183],
        [-0.6232, -0.2375],
        [-0.2125, -0.1981],
        [-0.1142, -0.2197],
        [ 0.2570, -0.4058],
        [-0.8015,  0.1842],
        [-0.1416, -0.1794],
        [-0.0601, -0.1450],
        [ 0.0877, -0.2265],
        [ 0.1019, -0.3474],
        [ 0.2812, -0.6111],
        [-0.0370, -0.3237],
        [ 0.2175, -0.5809],
        [-0.0878, -0.2936],
        [ 0.1780, -0.5100],
        [-0.1842, -0.1948],
        [-0.0865, -0.2893],
        [ 0.0919, -0.3975],
        [-0.0251, -0.3082],
        [-0.0621, -0.2803],
        [-0.1142, -0.2656],
        [ 0.0929, -0.3965],
        [ 0.0239, -0.3765],
        [-0.0262, -0.2392],
        [-0.4718, -0.0933],
        [ 0.0274, -0.4115],
        [ 0.2002, -0.3270],
        [-0.6415, -0.3269]])
pred.argmax(1):  tensor([1, 1, 1, 1, 1, 1, 1, 0, 0, 1, 0, 0, 0, 0, 0, 0, 0, 0, 0, 0, 0, 0, 0, 0,
        0, 0, 0, 0, 1, 0, 0, 1])
pred.argmax(1).squeeze():  tensor([1, 1, 1, 1, 1, 1, 1, 0, 0, 1, 0, 0, 0, 0, 0, 0, 0, 0, 0, 0, 0, 0, 0, 0,
        0, 0, 0, 0, 1, 0, 0, 1])
(pred.argmax(1)==labels).sum:  tensor(23)
(pred.argmax(1)==labels).sum.item():  23
num_correct_before: 296
num_correct_after: 319
test_num:  14
-----------------------------------------------------
labels:  tensor([[1],
        [1],
        [1],
        [1],
        [1],
        [1],
        [1],
        [1],
        [1],
        [1],
        [1],
        [1],
        [0],
        [1],
        [1],
        [0],
        [1],
        [0],
        [1],
        [0],
        [0],
        [0],
        [0],
        [0],
        [0],
        [0],
        [0],
        [0],
        [0],
        [0],
        [0],
        [0]])
pred:  tensor([[-0.0546, -0.2377],
        [-0.3208, -0.1619],
        [-0.0872, -0.2515],
        [-0.5435, -0.1009],
        [-0.8599, -0.1807],
        [ 0.2346, -0.3435],
        [-0.3618, -0.0437],
        [-0.5219, -0.0970],
        [ 0.2323, -0.3477],
        [-0.2273, -0.2669],
        [-0.4010, -0.2032],
        [-0.6789, -0.2708],
        [ 0.1604, -0.4690],
        [-0.1880, -0.2508],
        [-0.6665,  0.0102],
        [-0.4589, -0.2999],
        [-0.1075, -0.2002],
        [-0.0520, -0.2207],
        [ 0.2351, -0.4773],
        [-0.6016, -0.1169],
        [ 0.4888, -0.5493],
        [-0.1503, -0.1818],
        [-0.0228, -0.2815],
        [ 0.1177, -0.4217],
        [ 0.1876, -0.3791],
        [-0.1026, -0.3190],
        [-0.1059, -0.2979],
        [-0.0254, -0.4367],
        [ 0.0199, -0.4524],
        [ 0.1295, -0.3971],
        [ 0.1864, -0.4341],
        [ 0.2068, -0.4343]])
pred.argmax(1):  tensor([0, 1, 0, 1, 1, 0, 1, 1, 0, 0, 1, 1, 0, 0, 1, 1, 0, 0, 0, 1, 0, 0, 0, 0,
        0, 0, 0, 0, 0, 0, 0, 0])
pred.argmax(1).squeeze():  tensor([0, 1, 0, 1, 1, 0, 1, 1, 0, 0, 1, 1, 0, 0, 1, 1, 0, 0, 0, 1, 0, 0, 0, 0,
        0, 0, 0, 0, 0, 0, 0, 0])
(pred.argmax(1)==labels).sum:  tensor(22)
(pred.argmax(1)==labels).sum.item():  22
num_correct_before: 319
num_correct_after: 341
test_num:  15
-----------------------------------------------------
labels:  tensor([[0],
        [0],
        [0],
        [0],
        [1],
        [1],
        [0],
        [0],
        [1],
        [1],
        [1],
        [1],
        [1],
        [1],
        [1],
        [1],
        [1],
        [1],
        [1],
        [1],
        [0],
        [0],
        [0],
        [1],
        [1],
        [1],
        [0],
        [1],
        [0],
        [0],
        [0],
        [1]])
pred:  tensor([[ 0.0320, -0.4351],
        [ 0.0123, -0.3488],
        [-0.0692, -0.3078],
        [-0.2938, -0.1363],
        [-0.1420, -0.3302],
        [-0.3006, -0.3481],
        [ 0.3769, -0.3401],
        [ 0.2574, -0.2549],
        [ 0.0555, -0.2765],
        [-0.3491, -0.1467],
        [-0.7566, -0.2077],
        [-0.8699,  0.1426],
        [ 0.0121, -0.3107],
        [-0.2764, -0.1577],
        [-0.3815, -0.2535],
        [-0.9334,  0.0385],
        [-0.0538, -0.2420],
        [-0.4975, -0.2071],
        [-0.0090, -0.4582],
        [-1.0775, -0.1377],
        [-0.8341, -0.2210],
        [ 0.0800, -0.2716],
        [-1.2101, -0.0468],
        [ 0.0913, -0.2988],
        [ 0.1458, -0.4838],
        [-0.3683, -0.1683],
        [-0.3514, -0.0653],
        [-0.0248, -0.2577],
        [-0.4884, -0.1484],
        [ 0.0743, -0.3675],
        [-0.1140, -0.1469],
        [ 0.2523, -0.5040]])
pred.argmax(1):  tensor([0, 0, 0, 1, 0, 0, 0, 0, 0, 1, 1, 1, 0, 1, 1, 1, 0, 1, 0, 1, 1, 0, 1, 0,
        0, 1, 1, 0, 1, 0, 0, 0])
pred.argmax(1).squeeze():  tensor([0, 0, 0, 1, 0, 0, 0, 0, 0, 1, 1, 1, 0, 1, 1, 1, 0, 1, 0, 1, 1, 0, 1, 0,
        0, 1, 1, 0, 1, 0, 0, 0])
(pred.argmax(1)==labels).sum:  tensor(17)
(pred.argmax(1)==labels).sum.item():  17
num_correct_before: 341
num_correct_after: 358
test_num:  16
-----------------------------------------------------
labels:  tensor([[1],
        [1],
        [1],
        [1],
        [0],
        [0],
        [0],
        [1],
        [1],
        [1],
        [1],
        [1],
        [1],
        [1],
        [1],
        [0],
        [0],
        [1],
        [1],
        [0],
        [0],
        [0],
        [1],
        [1],
        [1],
        [1],
        [0],
        [0],
        [1],
        [1],
        [1],
        [0]])
pred:  tensor([[-0.0381, -0.4124],
        [ 0.0960, -0.4888],
        [-0.0846, -0.2753],
        [ 0.1844, -0.3571],
        [-0.5816, -0.1874],
        [ 0.2095, -0.3320],
        [ 0.0937, -0.2854],
        [-0.4369, -0.1579],
        [-0.3579, -0.2071],
        [ 0.0432, -0.4294],
        [-0.1772, -0.2463],
        [ 0.0419, -0.3715],
        [-0.0567, -0.2178],
        [-0.4914, -0.2326],
        [-0.6942, -0.1844],
        [ 0.1847, -0.3006],
        [ 0.1109, -0.4912],
        [-1.1224, -0.2237],
        [-0.0770, -0.1826],
        [-0.9938, -0.1659],
        [-1.0615, -0.1379],
        [ 0.0128, -0.3379],
        [-0.9940, -0.1195],
        [ 0.3150, -0.3417],
        [-1.0510, -0.1436],
        [ 0.0805, -0.3924],
        [-0.1499, -0.3353],
        [-0.1230, -0.3411],
        [-0.1158, -0.2303],
        [-0.5737, -0.1185],
        [ 0.3738, -0.5319],
        [ 0.2113, -0.4619]])
pred.argmax(1):  tensor([0, 0, 0, 0, 1, 0, 0, 1, 1, 0, 0, 0, 0, 1, 1, 0, 0, 1, 0, 1, 1, 0, 1, 0,
        1, 0, 0, 0, 0, 1, 0, 0])
pred.argmax(1).squeeze():  tensor([0, 0, 0, 0, 1, 0, 0, 1, 1, 0, 0, 0, 0, 1, 1, 0, 0, 1, 0, 1, 1, 0, 1, 0,
        1, 0, 0, 0, 0, 1, 0, 0])
(pred.argmax(1)==labels).sum:  tensor(16)
(pred.argmax(1)==labels).sum.item():  16
num_correct_before: 358
num_correct_after: 374
test_num:  17
-----------------------------------------------------
labels:  tensor([[0],
        [1],
        [1],
        [1],
        [1],
        [1],
        [1],
        [1],
        [1],
        [1],
        [0],
        [1],
        [1],
        [0],
        [0],
        [1],
        [0],
        [1],
        [1],
        [0],
        [0],
        [0],
        [0],
        [0],
        [0],
        [0],
        [0],
        [1],
        [1],
        [0],
        [1],
        [1]])
pred:  tensor([[-0.1632, -0.2110],
        [ 0.2572, -0.5087],
        [-0.0757, -0.2067],
        [-0.1243, -0.2411],
        [-0.4134, -0.1331],
        [-0.3647, -0.1436],
        [-0.5617, -0.1167],
        [-0.5675,  0.0733],
        [-0.8994,  0.0713],
        [-1.2811,  0.0307],
        [-1.3111,  0.0489],
        [-0.6260, -0.2401],
        [-0.0463, -0.2242],
        [-0.5383, -0.2248],
        [-0.0023, -0.4829],
        [-0.1388, -0.2138],
        [ 0.0630, -0.3395],
        [ 0.2574, -0.3026],
        [-0.0787, -0.2797],
        [ 0.5652, -0.6874],
        [ 0.1121, -0.3660],
        [-0.2472, -0.3116],
        [ 0.0250, -0.3853],
        [-0.0667, -0.3304],
        [ 0.0175, -0.3708],
        [-0.1012, -0.2643],
        [-0.0297, -0.2828],
        [-0.0200, -0.3319],
        [-0.0434, -0.3249],
        [-0.0980, -0.3032],
        [-0.8328, -0.2693],
        [-0.2138, -0.2192]])
pred.argmax(1):  tensor([0, 0, 0, 0, 1, 1, 1, 1, 1, 1, 1, 1, 0, 1, 0, 0, 0, 0, 0, 0, 0, 0, 0, 0,
        0, 0, 0, 0, 0, 0, 1, 0])
pred.argmax(1).squeeze():  tensor([0, 0, 0, 0, 1, 1, 1, 1, 1, 1, 1, 1, 0, 1, 0, 0, 0, 0, 0, 0, 0, 0, 0, 0,
        0, 0, 0, 0, 0, 0, 1, 0])
(pred.argmax(1)==labels).sum:  tensor(20)
(pred.argmax(1)==labels).sum.item():  20
num_correct_before: 374
num_correct_after: 394
test_num:  18
-----------------------------------------------------
labels:  tensor([[1],
        [1],
        [1],
        [1],
        [0],
        [0],
        [0],
        [1],
        [0],
        [0],
        [0],
        [0],
        [0],
        [0],
        [0],
        [1],
        [0],
        [0],
        [0],
        [1],
        [0],
        [1],
        [0],
        [1],
        [1],
        [1],
        [1],
        [1],
        [1],
        [0],
        [1],
        [1]])
pred:  tensor([[-0.2426, -0.2497],
        [ 0.0315, -0.0873],
        [-0.1938, -0.3876],
        [-0.0745, -0.2304],
        [-0.1175, -0.2738],
        [ 0.3552, -0.6364],
        [ 0.2618, -0.6459],
        [-0.0061, -0.4986],
        [-0.6516, -0.1306],
        [-0.0154, -0.3334],
        [ 0.0138, -0.3613],
        [-0.0040, -0.3263],
        [-0.0050, -0.3261],
        [ 0.1050, -0.4465],
        [-0.1134, -0.3053],
        [-0.0428, -0.3111],
        [ 0.1926, -0.4737],
        [-0.2293, -0.1996],
        [-1.1504,  0.0060],
        [-0.0408, -0.2856],
        [-0.3870, -0.2578],
        [ 0.0433, -0.4611],
        [-0.3792, -0.0810],
        [-0.5386, -0.4164],
        [ 0.1350, -0.2661],
        [ 0.0539, -0.5703],
        [-0.6134, -0.1713],
        [-0.6036, -0.1690],
        [-0.0427, -0.3336],
        [ 0.0918, -0.4949],
        [-0.0152, -0.3194],
        [-0.6384, -0.1927]])
pred.argmax(1):  tensor([0, 0, 0, 0, 0, 0, 0, 0, 1, 0, 0, 0, 0, 0, 0, 0, 0, 1, 1, 0, 1, 0, 1, 1,
        0, 0, 1, 1, 0, 0, 0, 1])
pred.argmax(1).squeeze():  tensor([0, 0, 0, 0, 0, 0, 0, 0, 1, 0, 0, 0, 0, 0, 0, 0, 0, 1, 1, 0, 1, 0, 1, 1,
        0, 0, 1, 1, 0, 0, 0, 1])
(pred.argmax(1)==labels).sum:  tensor(15)
(pred.argmax(1)==labels).sum.item():  15
num_correct_before: 394
num_correct_after: 409
test_num:  19
-----------------------------------------------------
labels:  tensor([[1],
        [1],
        [0],
        [0],
        [1],
        [0],
        [0],
        [0],
        [1],
        [0],
        [0],
        [1],
        [1],
        [0],
        [1],
        [1],
        [1],
        [0],
        [1],
        [0],
        [1],
        [1],
        [0],
        [0],
        [0],
        [0],
        [1],
        [1],
        [0],
        [1],
        [1],
        [1]])
pred:  tensor([[-1.3876e-01, -2.3524e-01],
        [-1.3071e+00,  2.3081e-01],
        [ 1.3015e-02, -3.3072e-01],
        [-1.0905e+00, -8.4440e-02],
        [-1.3640e-01, -1.2085e-01],
        [-7.9585e-01, -1.1992e-01],
        [-6.4715e-02, -2.6377e-01],
        [ 1.8078e-01, -3.5175e-01],
        [ 8.3870e-02, -2.6599e-01],
        [ 3.9043e-01, -5.0569e-01],
        [-9.7090e-02, -3.4200e-01],
        [-3.8538e-01, -2.2597e-01],
        [-1.4462e+00,  5.7544e-04],
        [-1.6540e+00,  3.0892e-01],
        [-2.3913e-01, -1.5009e-01],
        [-3.0077e-01, -2.6191e-01],
        [ 9.8705e-02, -3.5883e-01],
        [ 1.1614e-01, -5.2552e-01],
        [ 1.2666e-01, -3.4832e-01],
        [-2.7695e-02, -5.8730e-01],
        [-1.0353e+00, -2.6716e-01],
        [ 6.1894e-01, -6.3834e-01],
        [-2.2032e-01, -2.0741e-01],
        [ 2.0887e-01, -5.0742e-01],
        [ 2.5165e-01, -5.0517e-01],
        [-4.1761e-01, -1.4879e-01],
        [-1.3315e-01, -1.7474e-01],
        [ 5.8619e-01, -6.4045e-01],
        [-1.0954e+00,  6.3795e-02],
        [-2.6563e-01, -1.9669e-01],
        [-4.2401e-01, -2.1947e-01],
        [ 6.7041e-01, -4.7046e-01]])
pred.argmax(1):  tensor([0, 1, 0, 1, 1, 1, 0, 0, 0, 0, 0, 1, 1, 1, 1, 1, 0, 0, 0, 0, 1, 0, 1, 0,
        0, 1, 0, 0, 1, 1, 1, 0])
pred.argmax(1).squeeze():  tensor([0, 1, 0, 1, 1, 1, 0, 0, 0, 0, 0, 1, 1, 1, 1, 1, 0, 0, 0, 0, 1, 0, 1, 0,
        0, 1, 0, 0, 1, 1, 1, 0])
(pred.argmax(1)==labels).sum:  tensor(18)
(pred.argmax(1)==labels).sum.item():  18
num_correct_before: 409
num_correct_after: 427
test_num:  20
-----------------------------------------------------
labels:  tensor([[1],
        [1],
        [1],
        [0],
        [0],
        [0],
        [0],
        [0],
        [1],
        [1],
        [0],
        [1],
        [0],
        [1],
        [0],
        [1],
        [0],
        [0],
        [1],
        [0],
        [1],
        [1],
        [1],
        [1],
        [1],
        [1],
        [1],
        [0],
        [0],
        [0],
        [0],
        [0]])
pred:  tensor([[ 0.2263, -0.3209],
        [-0.2650, -0.1886],
        [ 0.2517, -0.6396],
        [-0.0521, -0.2613],
        [-0.0569, -0.2623],
        [-0.0908, -0.2616],
        [-0.7247,  0.0322],
        [-0.3300, -0.2465],
        [-1.1742,  0.2790],
        [-0.5192, -0.1975],
        [-0.0437, -0.3928],
        [-0.6533, -0.1564],
        [-0.1530, -0.4558],
        [-0.1559, -0.4720],
        [ 0.1514, -0.5692],
        [-0.0131, -0.5266],
        [ 0.4156, -0.5137],
        [ 0.1528, -0.3900],
        [ 0.1232, -0.5180],
        [ 0.2493, -0.5854],
        [ 0.2479, -0.5314],
        [-0.6628, -0.3371],
        [ 0.0033, -0.2451],
        [-0.2736, -0.3126],
        [-0.6560, -0.1237],
        [-1.7056,  0.0346],
        [ 0.2766, -0.5282],
        [ 0.1353, -0.6181],
        [-0.5149, -0.2134],
        [-0.6641, -0.2313],
        [ 0.4884, -0.4552],
        [ 0.3336, -0.6999]])
pred.argmax(1):  tensor([0, 1, 0, 0, 0, 0, 1, 1, 1, 1, 0, 1, 0, 0, 0, 0, 0, 0, 0, 0, 0, 1, 0, 0,
        1, 1, 0, 0, 1, 1, 0, 0])
pred.argmax(1).squeeze():  tensor([0, 1, 0, 0, 0, 0, 1, 1, 1, 1, 0, 1, 0, 0, 0, 0, 0, 0, 0, 0, 0, 1, 0, 0,
        1, 1, 0, 0, 1, 1, 0, 0])
(pred.argmax(1)==labels).sum:  tensor(19)
(pred.argmax(1)==labels).sum.item():  19
num_correct_before: 427
num_correct_after: 446
test_num:  21
-----------------------------------------------------
labels:  tensor([[0],
        [1],
        [1],
        [0],
        [0],
        [0],
        [1],
        [1],
        [0],
        [0],
        [1],
        [0],
        [1],
        [0],
        [0],
        [0],
        [0],
        [0],
        [0],
        [0],
        [0],
        [0],
        [1],
        [1],
        [0],
        [0],
        [1],
        [1],
        [1],
        [1],
        [0],
        [1]])
pred:  tensor([[-0.2103, -0.5095],
        [ 0.2323, -0.6033],
        [-0.1614, -0.2397],
        [ 0.3121, -0.7410],
        [-0.5320, -0.1513],
        [ 0.7130, -0.7989],
        [ 0.1393, -0.3130],
        [ 0.3105, -0.4564],
        [-0.1547, -0.2572],
        [ 0.2661, -0.4408],
        [ 0.1118, -0.3377],
        [-0.8621, -0.0385],
        [-0.6520, -0.2781],
        [ 0.1853, -0.5642],
        [ 0.2583, -0.6153],
        [ 0.2403, -0.6070],
        [ 0.3916, -0.6442],
        [ 0.2413, -0.4727],
        [ 0.2445, -0.4718],
        [ 0.2726, -0.4650],
        [ 0.2419, -0.4723],
        [-0.2040, -0.3484],
        [-0.2751, -0.0536],
        [-1.2055, -0.1326],
        [ 0.1614, -0.6314],
        [-1.2377, -0.2722],
        [-0.9449,  0.0136],
        [-1.2163,  0.3076],
        [-1.4178,  0.4838],
        [-1.1764,  0.2804],
        [ 0.2756, -0.5842],
        [-1.8751,  0.0081]])
pred.argmax(1):  tensor([0, 0, 0, 0, 1, 0, 0, 0, 0, 0, 0, 1, 1, 0, 0, 0, 0, 0, 0, 0, 0, 0, 1, 1,
        0, 1, 1, 1, 1, 1, 0, 1])
pred.argmax(1).squeeze():  tensor([0, 0, 0, 0, 1, 0, 0, 0, 0, 0, 0, 1, 1, 0, 0, 0, 0, 0, 0, 0, 0, 0, 1, 1,
        0, 1, 1, 1, 1, 1, 0, 1])
(pred.argmax(1)==labels).sum:  tensor(24)
(pred.argmax(1)==labels).sum.item():  24
num_correct_before: 446
num_correct_after: 470
test_num:  22
-----------------------------------------------------
labels:  tensor([[1],
        [0],
        [1],
        [1],
        [0],
        [0],
        [1],
        [0],
        [0],
        [1],
        [0],
        [1],
        [1],
        [1],
        [0],
        [0],
        [0],
        [1],
        [0],
        [0],
        [1],
        [1],
        [1],
        [1],
        [0],
        [0],
        [0],
        [1],
        [1],
        [1],
        [1],
        [1]])
pred:  tensor([[-2.0268,  0.2659],
        [ 0.0381, -0.4913],
        [ 0.1232, -0.6489],
        [ 0.1074, -0.3208],
        [-0.6575, -0.2682],
        [-0.0979, -0.2375],
        [-0.9828, -0.0391],
        [ 0.1184, -0.7335],
        [ 0.1143, -0.6286],
        [ 0.3831, -0.4636],
        [ 0.1524, -0.5363],
        [-0.4687, -0.1537],
        [-0.2787, -0.3526],
        [-1.1993, -0.3180],
        [ 0.2367, -0.4467],
        [ 0.1618, -0.5726],
        [-0.3294, -0.2019],
        [-0.2545, -0.2043],
        [-0.4708, -0.2292],
        [-0.6337, -0.3201],
        [-0.3358, -0.3371],
        [-0.3662, -0.3295],
        [-0.3746, -0.3331],
        [-0.3418, -0.3298],
        [-0.3643, -0.3395],
        [-0.3827, -0.3337],
        [ 0.0685, -0.3743],
        [-2.0959,  0.0359],
        [ 0.2985, -0.6592],
        [-0.9494, -0.1269],
        [ 0.2735, -0.5090],
        [ 0.3164, -0.3964]])
pred.argmax(1):  tensor([1, 0, 0, 0, 1, 0, 1, 0, 0, 0, 0, 1, 0, 1, 0, 0, 1, 1, 1, 1, 0, 1, 1, 1,
        1, 1, 0, 1, 0, 1, 0, 0])
pred.argmax(1).squeeze():  tensor([1, 0, 0, 0, 1, 0, 1, 0, 0, 0, 0, 1, 0, 1, 0, 0, 1, 1, 1, 1, 0, 1, 1, 1,
        1, 1, 0, 1, 0, 1, 0, 0])
(pred.argmax(1)==labels).sum:  tensor(18)
(pred.argmax(1)==labels).sum.item():  18
num_correct_before: 470
num_correct_after: 488
test_num:  23
-----------------------------------------------------
labels:  tensor([[1],
        [1],
        [0],
        [1],
        [1],
        [1],
        [1],
        [1],
        [1],
        [1],
        [0],
        [1],
        [0],
        [0],
        [1],
        [0],
        [1],
        [0],
        [1],
        [1]])
pred:  tensor([[-0.4989, -0.3092],
        [-0.4276, -0.3251],
        [ 0.0402, -0.3465],
        [-0.5310, -0.3003],
        [-0.5804, -0.2901],
        [-0.4528, -0.3417],
        [-0.4582, -0.3324],
        [-0.2452, -0.4271],
        [-0.5674, -0.3328],
        [-0.7674, -0.1850],
        [ 0.1143, -0.6070],
        [ 0.0281, -0.6663],
        [-0.7746, -0.2958],
        [-0.7215, -0.3105],
        [-0.3138, -0.4240],
        [-0.2301, -0.4853],
        [-0.5136, -0.3217],
        [-0.6537, -0.2537],
        [-1.5711,  0.4654],
        [-0.7817, -0.2342]])
pred.argmax(1):  tensor([1, 1, 0, 1, 1, 1, 1, 0, 1, 1, 0, 0, 1, 1, 0, 0, 1, 1, 1, 1])
pred.argmax(1).squeeze():  tensor([1, 1, 0, 1, 1, 1, 1, 0, 1, 1, 0, 0, 1, 1, 0, 0, 1, 1, 1, 1])
(pred.argmax(1)==labels).sum:  tensor(14)
(pred.argmax(1)==labels).sum.item():  14
num_correct_before: 488
num_correct_after: 502
---------------------------------------------------------
num_correct:  502
num_tests:  756
Test accuracy: 0.6640211640211641
Total_time: 0.022952795028686523
---------------------------------------------------------
KeyMM_1_time:  0.0015366077423095703
KeyMM_2_time:  0.001415252685546875
linear_1_time:  0.00047216424718499184
linear_2_time:  0.0004245599266141653
bias_1_time:  0.0003848075866699219
bias_2_time:  0.0002391338348388672
numpy_transform_1_B_time:  0.0001494884490966797
numpy_transform_2_B_time:  7.05718994140625e-05
numpy_transform_1_W_time:  9.608268737792969e-05
numpy_transform_2_W_time:  9.369850158691406e-05
numpy_transform_1_bias_time:  7.462501525878906e-05
numpy_transform_2_bias_time:  5.316734313964844e-05
torch_transform_1_time:  6.413459777832031e-05
torch_transform_2_time:  3.314018249511719e-05
---------------------------------------------------------
get_adj_from_graph_time:  0.009666681289672852
get_norm_time:  0.00014066696166992188
norm_transform_time:  0.00010776519775390625
DAD_time1:  0.00038313865661621094
DAD_time1:  0.00040268898010253906
DAD_time1:  0.0003104209899902344
DAD_time1:  0.0003266334533691406
---------------------------------------------------------
Normalization_time:  0
conv1_time:  0.0030541419982910156
relu_time:  0.0004241466522216797
conv2_time:  0.0025892257690429688
meanNode_time:  0.004864692687988281
---------------------------------------------------------
Infer time: 0.007490396499633789
