adj: %0 = multiply(meta[relay.Constant][1], meta[relay.Constant][2]);
multiply(meta[relay.Constant][0], %0)

OK3
OK4
OK5
OK6
OK7
OK3
OK4
OK5
OK6
OK7
OK1
OK2
OK3
OK4
min time is 1.430511474609375e-06
max time is 1.1444091796875e-05
median time is 1.9073486328125e-06
logits_tvm: [[[ 1.3399845e+00 -1.5740643e+00]
  [ 8.1164539e-01 -3.1279165e-01]
  [ 1.1018963e+00 -5.8983755e-01]
  [ 7.9199505e-01 -9.2586565e-01]
  [ 2.0535815e+00 -3.0044105e+00]
  [ 2.7401021e+00 -3.6402628e+00]
  [ 1.8471296e-01 -4.9951717e-02]
  [ 1.2972641e+00 -1.9107685e+00]
  [ 4.3609991e+00 -5.6187472e+00]
  [ 7.3100672e+00 -9.3722668e+00]
  [ 6.6257472e+00 -9.3225803e+00]
  [ 3.3246832e+00 -5.6692195e+00]
  [ 1.2750312e+00 -2.3296897e+00]
  [ 7.5782776e-02 -1.7695710e-02]
  [ 3.1112394e-01  1.6409668e-01]
  [-5.8279371e-01  2.0859544e+00]
  [-9.2879844e-01  1.3199852e+00]
  [-1.9705530e+00  5.8904538e+00]
  [-1.6071726e+00  4.3051491e+00]
  [-3.1069157e-01  1.3886464e+00]
  [-1.1734095e+00  3.6270964e+00]
  [ 1.1977385e+00 -1.3673885e+00]
  [ 5.7194048e-01  1.2086457e-01]
  [ 1.8088201e+00 -9.3634576e-01]
  [ 2.5455496e+00 -3.6433401e+00]
  [ 3.6962616e+00 -4.8312740e+00]
  [ 4.2753100e+00 -5.5844321e+00]
  [ 8.5501442e+00 -1.0642237e+01]
  [ 7.4685616e+00 -1.0549931e+01]
  [ 2.9487488e+00 -5.5178409e+00]
  [ 6.2652171e-01 -1.3818924e+00]
  [-1.4658481e+00  1.7584822e+00]]

 [[ 1.4105985e+00 -1.6347413e+00]
  [ 8.7528217e-01 -3.5928053e-01]
  [ 1.1453251e+00 -6.2897402e-01]
  [ 7.9456198e-01 -9.2239708e-01]
  [ 2.0063002e+00 -2.9563706e+00]
  [ 2.6996622e+00 -3.5899198e+00]
  [ 1.8587896e-01 -4.2662390e-02]
  [ 1.2758422e+00 -1.8792095e+00]
  [ 4.3211246e+00 -5.5728917e+00]
  [ 7.3661261e+00 -9.4638166e+00]
  [ 6.9351578e+00 -9.7865477e+00]
  [ 3.3812768e+00 -5.7557111e+00]
  [ 1.2514133e+00 -2.2893248e+00]
  [ 6.2226541e-02  4.0078908e-03]
  [ 3.2353675e-01  1.0471238e-01]
  [-1.3023795e-01  8.4818369e-01]
  [-9.2663312e-01  1.2768474e+00]
  [ 8.0255203e+00 -1.1379433e+01]
  [ 1.3152683e+00 -1.4846327e+00]
  [-1.9828984e-01  1.9723582e+00]
  [-7.6248550e-01  1.9317188e+00]
  [ 5.9322119e-01  1.7528536e+00]
  [-3.4073094e-01  1.2556717e+00]
  [ 6.4105237e-01  7.2171807e-02]
  [ 1.8510722e+00 -9.7727370e-01]
  [ 2.4738936e+00 -3.5795271e+00]
  [ 3.6263032e+00 -4.7509489e+00]
  [ 4.2291021e+00 -5.5333252e+00]
  [ 8.5259037e+00 -1.0613741e+01]
  [ 2.9160457e+00 -5.4775939e+00]
  [ 6.1070561e-01 -1.3439732e+00]
  [-1.4830405e+00  1.7786403e+00]]]
pred: [0 0]
pred[0].item(): 0
adj: %0 = multiply(meta[relay.Constant][1], meta[relay.Constant][2]);
multiply(meta[relay.Constant][0], %0)

OK3
OK4
OK5
OK6
OK7
OK3
OK4
OK5
OK6
OK7
OK1
OK2
OK3
OK4
min time is 1.6689300537109375e-06
max time is 6.67572021484375e-06
median time is 1.9073486328125e-06
logits_tvm: [[[-2.50400633e-01  2.78455466e-01]
  [-1.03475347e-01  4.20360863e-01]
  [ 2.29587987e-01  8.75203907e-01]
  [-7.03189254e-01  1.75926709e+00]
  [-5.61038017e-01  7.98117995e-01]
  [ 8.04087877e-01 -8.08691919e-01]
  [ 2.04684997e+00 -3.29113364e+00]
  [ 2.17660332e+00 -3.09400320e+00]
  [ 3.07206178e+00 -3.97692823e+00]
  [ 3.23538995e+00 -3.57528710e+00]
  [ 1.14457572e+00 -7.71871090e-01]
  [ 1.38432705e+00 -7.13813841e-01]
  [-1.12610102e+00  2.62397027e+00]
  [-4.17823583e-01  1.14198136e+00]
  [-5.54311037e-01  1.17501235e+00]
  [-4.41405267e-01  1.22544551e+00]
  [ 6.81534386e+00 -7.38541031e+00]
  [ 1.62059104e+00 -1.76082969e+00]
  [ 3.61167717e+00 -3.63197112e+00]
  [ 6.69324160e+00 -7.86780262e+00]
  [ 3.43001747e+00 -4.64083004e+00]
  [ 7.43115091e+00 -9.97470093e+00]
  [ 1.53963223e+01 -2.22193069e+01]
  [ 8.87639713e+00 -1.33747387e+01]
  [ 7.17189074e-01  6.86395943e-01]
  [ 2.53903127e+00 -3.73859978e+00]
  [ 3.99451852e+00 -5.02093315e+00]
  [ 7.81263232e-01 -2.00555980e-01]
  [ 2.11683512e+00 -1.05317116e+00]
  [ 3.64859390e+00 -4.71772242e+00]
  [ 2.70902920e+00 -2.92608190e+00]
  [ 3.52992058e+00 -4.90614796e+00]
  [ 7.37067223e+00 -9.14596462e+00]
  [ 1.09145451e+01 -1.57801752e+01]]

 [[ 9.37483311e-01 -1.06389511e+00]
  [ 1.32993329e+00 -7.66058266e-01]
  [ 1.64222670e+00 -9.26903605e-01]
  [ 6.77163243e-01 -6.79950356e-01]
  [ 1.26548290e+00 -2.17534781e+00]
  [ 1.71726000e+00 -2.62489295e+00]
  [-2.12752938e-01  4.46206689e-01]
  [-1.07515156e-01 -1.27703086e-01]
  [ 2.67888451e+00 -3.93989539e+00]
  [ 7.52554750e+00 -9.90543175e+00]
  [ 5.99028397e+00 -8.12020206e+00]
  [ 2.18748116e+00 -3.60741735e+00]
  [-6.45118654e-02 -1.46669120e-01]
  [-1.64370668e+00  2.06245852e+00]
  [-2.47403860e-01  6.56922400e-01]
  [-1.76373947e+00  2.85656428e+00]
  [-3.30771899e+00  4.47346878e+00]
  [ 1.36592376e+00 -1.29324150e+00]
  [ 2.32957244e+00 -2.73269510e+00]
  [ 7.06727386e-01 -2.92063057e-01]
  [ 4.53935891e-01  7.34628141e-02]
  [-1.10531533e+00  1.43488503e+00]
  [ 1.49694836e+00 -7.78482735e-01]
  [ 2.26021123e+00 -1.14292216e+00]
  [ 1.37977564e+00 -2.53528857e+00]
  [ 2.60668778e+00 -3.79175448e+00]
  [ 1.77313423e+00 -2.92572856e+00]
  [ 7.76202059e+00 -9.99068260e+00]
  [ 6.53316259e+00 -8.70953083e+00]
  [ 1.79754305e+00 -3.54948711e+00]
  [-4.13026541e-01  8.18068385e-01]
  [-9.88286018e-01  2.11620975e+00]
  [ 6.03296161e-01 -4.63432252e-01]
  [-1.37542456e-01  1.05414200e+00]]

 [[ 9.26023245e-01 -1.04427898e+00]
  [ 1.33564997e+00 -7.68356144e-01]
  [ 1.64993024e+00 -9.35070932e-01]
  [ 6.75957918e-01 -6.79262280e-01]
  [ 1.24382460e+00 -2.15414023e+00]
  [ 1.68810165e+00 -2.59296966e+00]
  [-2.07001626e-01  4.41733122e-01]
  [-1.19358361e-01 -1.04541413e-01]
  [ 2.64138055e+00 -3.89686370e+00]
  [ 7.60166693e+00 -1.00126896e+01]
  [ 6.37510872e+00 -8.62460136e+00]
  [ 2.26043892e+00 -3.69708657e+00]
  [-8.42195451e-02 -1.13867186e-01]
  [-1.64445448e+00  2.07737637e+00]
  [-2.42049813e-01  6.52530670e-01]
  [-1.75310290e+00  2.86398816e+00]
  [-3.29668784e+00  4.49509907e+00]
  [ 1.34068906e+00 -1.24904585e+00]
  [ 2.30729389e+00 -2.69173360e+00]
  [ 6.85087681e-01 -2.52918422e-01]
  [ 4.37796980e-01  1.17757514e-01]
  [-1.10666060e+00  1.44769430e+00]
  [ 7.23760748e+00 -9.62845993e+00]
  [ 1.51028967e+00 -7.88823545e-01]
  [ 2.26719499e+00 -1.15078211e+00]
  [ 1.34970820e+00 -2.50833321e+00]
  [ 2.57075477e+00 -3.75617814e+00]
  [ 1.73950970e+00 -2.88667417e+00]
  [ 7.70973110e+00 -9.93223476e+00]
  [ 1.75801086e+00 -3.49750543e+00]
  [-4.19269949e-01  8.37106347e-01]
  [-9.70048904e-01  2.11009455e+00]
  [ 5.85369527e-01 -4.22379792e-01]
  [-1.47418886e-01  1.08832407e+00]]

 [[ 9.35002208e-01 -1.06019258e+00]
  [ 1.33754468e+00 -7.69415915e-01]
  [ 1.65514565e+00 -9.23332751e-01]
  [ 6.80873990e-01 -6.69666946e-01]
  [ 1.24673402e+00 -2.15009046e+00]
  [ 1.69888556e+00 -2.60754633e+00]
  [-2.13420808e-01  4.52498853e-01]
  [-1.31258652e-01 -9.68030617e-02]
  [ 2.63977933e+00 -3.89726281e+00]
  [ 7.10388756e+00 -9.35958862e+00]
  [ 3.56205416e+00 -4.90482807e+00]
  [ 1.83645535e+00 -3.14075971e+00]
  [-1.10041589e-01 -7.92551264e-02]
  [-1.97873247e+00  2.41146326e+00]
  [-2.52484679e-01  6.63067877e-01]
  [-2.10944772e+00  3.20734024e+00]
  [-5.58488989e+00  6.98483706e+00]
  [ 1.37035894e+00 -1.29365587e+00]
  [ 2.33673549e+00 -2.73212051e+00]
  [ 7.11447954e-01 -2.90193975e-01]
  [ 4.60659951e-01  6.12400174e-02]
  [ 1.24948752e+00 -1.66007209e+00]
  [ 1.50548124e+00 -7.87566125e-01]
  [ 2.27597213e+00 -1.13594913e+00]
  [ 1.35054862e+00 -2.50007391e+00]
  [ 2.58714843e+00 -3.77727056e+00]
  [ 1.75055563e+00 -2.90185738e+00]
  [ 7.68444204e+00 -9.90461159e+00]
  [ 1.71111035e+00 -3.44619632e+00]
  [-4.36170906e-01  8.67523730e-01]
  [-1.01926863e+00  2.12873554e+00]
  [-4.56681871e+00  5.47483063e+00]
  [ 6.16052032e-01 -4.75873411e-01]
  [-1.37628168e-01  1.03860784e+00]]

 [[ 9.45611358e-01 -1.07655287e+00]
  [ 1.32956970e+00 -7.67137647e-01]
  [ 1.64434075e+00 -9.21043694e-01]
  [ 6.80268764e-01 -6.76954508e-01]
  [ 1.27132463e+00 -2.17917275e+00]
  [ 1.72575414e+00 -2.63766217e+00]
  [-2.16833502e-01  4.48894024e-01]
  [-1.04134127e-01 -1.41324937e-01]
  [ 2.69674301e+00 -3.96337438e+00]
  [ 7.51109648e+00 -9.89617252e+00]
  [ 5.95108318e+00 -8.08549881e+00]
  [ 2.15706968e+00 -3.57895708e+00]
  [-7.64566362e-02 -1.37821004e-01]
  [-1.63009620e+00  2.01164913e+00]
  [-2.56089419e-01  6.60330951e-01]
  [-1.77680600e+00  2.81669021e+00]
  [-3.29461932e+00  4.37547827e+00]
  [ 1.37563431e+00 -1.30257845e+00]
  [ 2.32951427e+00 -2.76023960e+00]
  [ 7.97113419e-01 -3.94058526e-01]
  [ 3.46884191e-01  3.44962865e-01]
  [-1.08806193e+00  1.38674974e+00]
  [ 1.49237418e+00 -7.78056085e-01]
  [ 2.26455498e+00 -1.13502812e+00]
  [ 1.38648999e+00 -2.53865051e+00]
  [ 2.61805964e+00 -3.80820465e+00]
  [ 1.80350864e+00 -2.96274090e+00]
  [ 7.74811316e+00 -9.97977829e+00]
  [ 6.48334789e+00 -8.66445827e+00]
  [ 1.76209068e+00 -3.51116276e+00]
  [-4.23386246e-01  8.27328622e-01]
  [-1.03298998e+00  2.12527347e+00]
  [ 4.18635875e-01 -1.20343506e-01]
  [-2.10957974e-01  1.29634666e+00]]

 [[ 2.33083677e+00 -2.31215405e+00]
  [ 9.65210080e-01 -4.57295537e-01]
  [ 1.27910638e+00 -7.50590324e-01]
  [ 7.79169798e-01 -8.99068356e-01]
  [ 1.95867288e+00 -2.91216564e+00]
  [ 2.62842345e+00 -3.51901937e+00]
  [ 5.76178730e-03  1.24148428e-01]
  [ 1.12610161e+00 -1.74988127e+00]
  [ 4.92142773e+00 -6.35015297e+00]
  [ 9.82933426e+00 -1.24148188e+01]
  [ 4.84483147e+00 -6.55449533e+00]
  [ 3.09682846e+00 -5.22615004e+00]
  [ 1.44283497e+00 -2.60161877e+00]
  [-9.98400211e-01  1.31146765e+00]
  [ 4.79099080e-02  3.33248258e-01]
  [-1.74923432e+00  3.52529216e+00]
  [-4.00321245e+00  5.15275097e+00]
  [ 1.49591672e+00 -2.05997467e+00]
  [-2.33134723e+00  6.13626575e+00]
  [-2.05874014e+00  4.89545822e+00]
  [-5.02575874e-01  1.92914629e+00]
  [-4.79623884e-01  1.56039405e+00]
  [ 5.65671921e+00 -5.62162828e+00]
  [ 3.22380519e+00 -2.68009758e+00]
  [ 4.70622587e+00 -4.86089134e+00]
  [ 7.98651338e-01 -8.04545879e-02]
  [ 1.98210001e+00 -1.10077024e+00]
  [ 2.37498379e+00 -3.49450278e+00]
  [ 3.59863949e+00 -4.69690037e+00]
  [ 3.87533689e+00 -5.19082832e+00]
  [ 1.03165369e+01 -1.27303934e+01]
  [ 2.92670131e+00 -5.33948660e+00]
  [ 6.04743719e-01 -1.26018429e+00]
  [-3.41692114e+00  4.13122845e+00]]

 [[ 1.41585660e+00 -1.74446869e+00]
  [ 9.35899973e-01 -6.21935546e-01]
  [ 1.27505124e+00 -7.52089143e-01]
  [ 7.56380200e-01 -8.49928260e-01]
  [ 2.24402523e+00 -3.21853137e+00]
  [ 2.96347642e+00 -3.86202860e+00]
  [-2.80556053e-01  4.56802785e-01]
  [ 1.03501415e+00 -1.72238278e+00]
  [-5.09152889e-01  4.68613744e-01]
  [-2.44288862e-01  7.48458683e-01]
  [-8.35946798e-01  1.56735754e+00]
  [-1.85602677e+00  1.98026776e+00]
  [ 3.47105265e+00 -4.48995590e+00]
  [ 7.43993187e+00 -9.44009399e+00]
  [ 4.91099024e+00 -6.91435862e+00]
  [ 1.56844223e+00 -2.62806654e+00]
  [ 9.62741661e+00 -1.18501587e+01]
  [ 2.35918069e+00 -2.85582376e+00]
  [ 3.24465775e+00 -4.14829063e+00]
  [ 1.50479889e+00 -1.59030652e+00]
  [ 1.42195690e+00 -1.74611878e+00]
  [-1.11735237e+00  3.07826018e+00]
  [-1.51716363e+00  2.80142260e+00]
  [-1.40134215e-01  2.66400957e+00]
  [-1.01946509e+00  2.12551188e+00]
  [ 7.86575198e-01 -2.87552357e-01]
  [ 1.95749986e+00 -1.07205486e+00]
  [ 2.68086243e+00 -3.91754675e+00]
  [ 4.07487202e+00 -5.11912394e+00]
  [-2.50683475e+00  2.50106215e+00]
  [ 5.10180569e+00 -7.42594194e+00]
  [ 6.07941628e-01 -1.46303844e+00]
  [ 1.50565636e+00 -2.15157342e+00]
  [ 6.72224402e-01 -4.76487935e-01]]

 [[ 1.41968322e+00 -1.75225282e+00]
  [ 9.28733230e-01 -6.22694910e-01]
  [ 1.26414788e+00 -7.53037453e-01]
  [ 7.53581047e-01 -8.53669524e-01]
  [ 2.25371528e+00 -3.23226714e+00]
  [ 2.97665930e+00 -3.87746239e+00]
  [-2.84613401e-01  4.57012832e-01]
  [ 1.04556525e+00 -1.73600984e+00]
  [-5.07303834e-01  4.63445723e-01]
  [-2.45468646e-01  7.49449790e-01]
  [-8.33797932e-01  1.57000518e+00]
  [-1.85778797e+00  1.97984862e+00]
  [ 3.44060111e+00 -4.45534372e+00]
  [ 7.30956936e+00 -9.29101753e+00]
  [ 4.89484596e+00 -6.89679289e+00]
  [ 1.58223140e+00 -2.64693904e+00]
  [ 9.38625622e+00 -1.15743713e+01]
  [ 2.36521411e+00 -2.86795211e+00]
  [ 3.24973512e+00 -4.16023254e+00]
  [ 1.51111710e+00 -1.60306287e+00]
  [ 1.42189515e+00 -1.74985194e+00]
  [-1.10513818e+00  3.08677983e+00]
  [-1.49446142e+00  2.81441951e+00]
  [-1.21036097e-01  2.66157413e+00]
  [-1.02793944e+00  2.13804317e+00]
  [ 7.76650786e-01 -2.84842491e-01]
  [ 1.94574940e+00 -1.07500434e+00]
  [ 2.69580245e+00 -3.93563128e+00]
  [ 4.08963871e+00 -5.13531780e+00]
  [-2.50892091e+00  2.49995112e+00]
  [ 5.12594175e+00 -7.45464754e+00]
  [ 6.17092729e-01 -1.47885013e+00]
  [ 1.50423229e+00 -2.15462637e+00]
  [ 6.71550155e-01 -4.75536406e-01]]]
pred: [0 0 0 0 0 0 0 0]
pred[0].item(): 0
adj: %0 = multiply(meta[relay.Constant][1], meta[relay.Constant][2]);
multiply(meta[relay.Constant][0], %0)

OK3
OK4
OK5
OK6
OK7
OK3
OK4
OK5
OK6
OK7
OK1
OK2
OK3
OK4
min time is 1.430511474609375e-06
max time is 6.4373016357421875e-06
median time is 1.9073486328125e-06
logits_tvm: [[[-1.74040973e-01  3.97715896e-01]
  [-7.09353209e-01  9.64994729e-01]
  [-1.48587370e+00  2.24652958e+00]
  [-9.91033196e-01  1.92097926e+00]
  [-2.50800550e-01  8.20625007e-01]
  [ 3.40373069e-02 -3.43781710e-01]
  [ 6.46426082e-01 -6.76074386e-01]
  [ 6.46327019e-01 -1.19479418e+00]
  [ 4.12017345e+00 -6.41599274e+00]
  [ 6.50313759e+00 -8.74629211e+00]
  [ 5.57997847e+00 -7.31440401e+00]
  [ 1.94056141e+00 -2.98438382e+00]
  [ 1.60521281e+00 -9.09302473e-01]
  [ 1.29985881e+00 -7.23797739e-01]
  [ 9.84919310e-01 -1.12055993e+00]
  [ 1.84790289e+00 -2.70646667e+00]
  [ 1.31629670e+00 -2.18710446e+00]
  [ 7.60398054e+00 -9.90339279e+00]
  [ 1.42674088e+00 -1.50653100e+00]
  [ 2.39262223e+00 -2.88021851e+00]
  [ 6.40767932e-01 -3.40601146e-01]
  [ 6.32413983e-01 -6.13730133e-01]
  [-1.86253989e+00  2.70978308e+00]
  [-1.06743479e+00  2.14533281e+00]
  [-5.81398606e-04  5.23118436e-01]
  [-1.41201705e-01  2.77744353e-01]
  [ 3.38913107e+00 -5.72476196e+00]
  [ 6.56029940e+00 -8.41966438e+00]
  [ 1.51052570e+00 -2.59979510e+00]
  [ 2.21674061e+00 -1.15063930e+00]
  [ 1.43557847e+00 -6.75286889e-01]
  [ 2.77912521e+00 -3.88183403e+00]
  [ 1.44082189e+00 -2.52593660e+00]
  [ 9.52965379e-01 -1.31641030e+00]
  [ 5.39551675e-02  3.88547003e-01]]

 [[-7.15507030e-01  8.31153750e-01]
  [-2.40657538e-01  5.33140004e-01]
  [-1.45550936e-01  1.05149150e+00]
  [-9.94352221e-01  1.83661342e+00]
  [-6.92531466e-01  9.85103428e-01]
  [ 5.89798331e-01 -6.01874769e-01]
  [-2.16670275e-01 -4.45366949e-02]
  [ 1.41520035e+00 -2.41216588e+00]
  [ 2.49537468e+00 -3.80492234e+00]
  [ 1.81863105e+00 -1.65682435e+00]
  [ 1.34643531e+00 -8.42445791e-01]
  [ 1.54700994e+00 -8.39844763e-01]
  [ 1.72005200e+00 -2.78026128e+00]
  [ 4.76272821e+00 -6.35455608e+00]
  [ 2.85452271e+00 -3.99084401e+00]
  [ 1.78344786e+00 -3.05790186e+00]
  [-1.08685881e-01 -5.86459190e-02]
  [ 3.40420628e+00 -1.50709724e+00]
  [ 9.85559940e-01 -6.80187523e-01]
  [ 2.00763750e+00 -7.55272448e-01]
  [ 3.44120431e+00 -1.38508439e+00]
  [ 1.24106371e+00 -1.64527702e+00]
  [ 3.14946860e-01  8.02184105e-01]
  [-1.36523139e+00  2.34655499e+00]
  [ 1.33060360e+00 -2.43300796e+00]
  [ 3.07851768e+00 -4.53359127e+00]
  [ 1.44071209e+00 -8.47397745e-01]
  [ 2.15666056e+00 -1.01587629e+00]
  [ 1.41544080e+00 -2.54143786e+00]
  [ 6.08906746e+00 -7.91867304e+00]
  [ 1.64266324e+00 -3.32226872e+00]
  [-4.26887125e-01  8.15173090e-01]
  [ 1.58405685e+00 -6.78390324e-01]
  [ 7.93106556e-01  6.84280574e-01]
  [ 1.66106069e+00 -1.16148543e+00]]

 [[-5.84011912e-01  6.89600408e-01]
  [-2.01325178e-01  5.01483262e-01]
  [-7.29242712e-03  9.24604595e-01]
  [-5.34668922e-01  1.12889504e+00]
  [-6.09112024e-01  8.51170003e-01]
  [ 6.90530181e-01 -6.98606849e-01]
  [ 1.03130594e-01 -4.81461197e-01]
  [ 1.84412134e+00 -2.84552479e+00]
  [ 3.13230634e+00 -4.39857626e+00]
  [ 2.26081395e+00 -2.27906275e+00]
  [ 1.30545878e+00 -7.97130883e-01]
  [ 1.53710413e+00 -8.03981781e-01]
  [ 2.39737010e+00 -3.52873325e+00]
  [ 5.62435913e+00 -7.39232731e+00]
  [ 5.35207748e+00 -7.24477386e+00]
  [ 1.54625273e+00 -2.26331973e+00]
  [ 5.43318093e-02 -2.48800516e-01]
  [ 4.77800894e+00 -3.76111555e+00]
  [ 1.23186970e+00 -1.09784079e+00]
  [ 2.60827899e+00 -1.84321332e+00]
  [ 5.09043646e+00 -4.49093819e+00]
  [-7.92435884e-01  1.48815870e+00]
  [-1.30356610e+00  2.43798423e+00]
  [ 4.03151184e-01  7.78663516e-01]
  [ 1.78241849e+00 -2.93830824e+00]
  [ 3.73782730e+00 -5.06263113e+00]
  [ 1.27605689e+00 -6.24383330e-01]
  [ 2.17112303e+00 -1.03088903e+00]
  [ 2.15774059e+00 -3.37140465e+00]
  [ 6.78931427e+00 -8.67907238e+00]
  [ 6.54185486e+00 -8.82835865e+00]
  [-2.53697723e-01  4.21366096e-01]
  [ 2.44590521e+00 -2.04492497e+00]
  [ 1.54503095e+00 -7.57119477e-01]
  [ 2.49379683e+00 -2.59568286e+00]]

 [[-2.09284514e-01  1.36062592e-01]
  [-2.52235442e-01  4.70249593e-01]
  [-3.77936661e-03  9.20230925e-01]
  [-7.25654125e-01  1.41453719e+00]
  [-6.57965779e-01  8.11126053e-01]
  [ 7.91489840e-01 -8.66458178e-01]
  [ 3.60374403e+00 -5.74534035e+00]
  [ 2.72061205e+00 -3.75412273e+00]
  [ 4.40502596e+00 -5.61810827e+00]
  [ 2.07135725e+00 -2.56943440e+00]
  [ 9.70932126e-01 -6.75952554e-01]
  [ 1.27831900e+00 -7.06740558e-01]
  [-8.76008153e-01  1.68983054e+00]
  [-3.33636314e-01  7.63749778e-01]
  [-4.70569938e-01  7.95056164e-01]
  [-3.60502034e-01  8.43314171e-01]
  [ 3.59139752e+00 -4.59643555e+00]
  [ 3.68597555e+00 -4.74635077e+00]
  [ 7.08801746e-01 -9.14831996e-01]
  [ 5.47713947e+00 -7.62621355e+00]
  [ 1.02780066e+01 -1.38948631e+01]
  [ 7.83834171e+00 -1.04406767e+01]
  [ 7.54684258e+00 -1.15991602e+01]
  [ 5.93428516e+00 -1.01661825e+01]
  [ 4.32813495e-01  7.55110681e-01]
  [ 2.74459100e+00 -4.00369167e+00]
  [ 5.06124830e+00 -6.21899462e+00]
  [ 7.55636096e-01 -2.83795118e-01]
  [ 1.95741928e+00 -1.00264406e+00]
  [ 3.10705137e+00 -3.98657584e+00]
  [ 2.21202564e+00 -2.69082713e+00]
  [ 3.19406152e+00 -4.54101086e+00]
  [ 7.52449512e+00 -1.02959528e+01]
  [ 7.55713463e+00 -9.41570759e+00]
  [ 1.90345609e+00 -4.12616014e+00]]

 [[-2.34215379e-01  2.06689537e-01]
  [-1.91648602e-01  4.66247678e-01]
  [ 9.67627466e-02  9.20241416e-01]
  [-6.38267279e-01  1.41687393e+00]
  [-6.20813727e-01  8.14089119e-01]
  [ 8.01874757e-01 -8.32654059e-01]
  [ 3.70195150e+00 -5.58043718e+00]
  [ 2.57504702e+00 -3.57386136e+00]
  [ 4.17268610e+00 -5.34471130e+00]
  [ 1.96801281e+00 -2.42459130e+00]
  [ 1.02062738e+00 -6.61672175e-01]
  [ 1.36342609e+00 -7.23685384e-01]
  [-7.80692816e-01  1.68758202e+00]
  [-2.83319890e-01  7.64279246e-01]
  [-4.21489209e-01  7.94979751e-01]
  [-3.11857164e-01  8.45285475e-01]
  [ 3.32197475e+00 -4.15498877e+00]
  [ 3.53632426e+00 -4.55300140e+00]
  [ 6.70208931e-01 -8.61726880e-01]
  [ 4.73251438e+00 -6.33932829e+00]
  [ 9.45372391e+00 -1.29348106e+01]
  [ 8.77936459e+00 -1.18623505e+01]
  [ 1.51277676e+01 -2.18587837e+01]
  [ 8.76414585e+00 -1.31992521e+01]
  [ 5.57069957e-01  7.62170672e-01]
  [ 2.56634307e+00 -3.79004264e+00]
  [ 4.84012079e+00 -5.97165489e+00]
  [ 8.45173478e-01 -3.10392141e-01]
  [ 2.04265332e+00 -1.01166558e+00]
  [ 2.72136021e+00 -3.26902127e+00]
  [ 1.82805192e+00 -1.96489978e+00]
  [ 2.75219655e+00 -3.79265809e+00]
  [ 6.86806250e+00 -9.52993011e+00]
  [ 7.35431051e+00 -9.18799973e+00]
  [ 1.06689854e+01 -1.54342699e+01]]

 [[-2.32127339e-01  2.20234990e-01]
  [-1.67384416e-01  4.64742303e-01]
  [ 1.29326791e-01  9.21079814e-01]
  [-6.15355372e-01  1.41641855e+00]
  [-6.07204080e-01  8.12725842e-01]
  [ 8.10180306e-01 -8.21033180e-01]
  [ 3.61825991e+00 -5.47483921e+00]
  [ 2.53380609e+00 -3.51809621e+00]
  [ 4.10283089e+00 -5.26108360e+00]
  [ 1.93745410e+00 -2.37861109e+00]
  [ 1.03826928e+00 -6.54849946e-01]
  [ 1.39548254e+00 -7.25877047e-01]
  [-7.61634946e-01  1.68636537e+00]
  [-2.74200082e-01  7.64042318e-01]
  [-4.12449151e-01  7.94591784e-01]
  [-3.02692711e-01  8.45313132e-01]
  [ 3.25492525e+00 -4.04555750e+00]
  [ 3.48819685e+00 -4.48689318e+00]
  [ 6.57910466e-01 -8.44571292e-01]
  [ 4.59133816e+00 -6.07886553e+00]
  [ 9.47997761e+00 -1.29706211e+01]
  [ 9.14027405e+00 -1.23109541e+01]
  [ 1.51105824e+01 -2.18525333e+01]
  [ 8.60011673e+00 -1.30061445e+01]
  [ 8.23937035e+00 -1.02790852e+01]
  [ 5.95407009e-01  7.65629947e-01]
  [ 2.51491785e+00 -3.72666979e+00]
  [ 4.77272272e+00 -5.89471197e+00]
  [ 8.73953819e-01 -3.14886689e-01]
  [ 2.07706451e+00 -1.01195109e+00]
  [ 2.64693332e+00 -3.12542033e+00]
  [ 1.75292611e+00 -1.82043958e+00]
  [ 2.67682958e+00 -3.64795327e+00]
  [ 6.74580383e+00 -9.38252831e+00]
  [ 1.05387993e+01 -1.52850370e+01]]

 [[ 1.05958593e+00 -1.21199536e+00]
  [ 1.24757493e+00 -7.08496869e-01]
  [ 1.59936726e+00 -9.20259297e-01]
  [ 7.13581324e-01 -7.55077183e-01]
  [ 1.50318336e+00 -2.42936826e+00]
  [ 2.00089645e+00 -2.91022706e+00]
  [-1.20683521e-01  3.06021392e-01]
  [ 4.74562258e-01 -9.54342961e-01]
  [ 3.46288300e+00 -5.04059505e+00]
  [ 6.04590511e+00 -7.95170927e+00]
  [ 5.85267305e+00 -7.94166613e+00]
  [ 2.53820944e+00 -4.11685562e+00]
  [ 2.68137723e-01 -5.73704123e-01]
  [-6.84742212e-01  8.10124099e-01]
  [-1.62701935e-01  5.44594407e-01]
  [-1.16852403e+00  2.43141747e+00]
  [-1.71229756e+00  2.12057757e+00]
  [ 7.06756592e+00 -9.43095207e+00]
  [ 1.60976362e+00 -1.67235780e+00]
  [ 2.57681251e+00 -3.06411529e+00]
  [ 8.93515825e-01 -5.72928131e-01]
  [ 5.93024254e-01 -4.30881023e-01]
  [-2.14231992e+00  5.25007153e+00]
  [-1.79332566e+00  4.55212831e+00]
  [ 1.34060931e+00 -6.21603906e-01]
  [ 2.22034383e+00 -1.16810012e+00]
  [ 1.68378472e+00 -2.84774876e+00]
  [ 2.93914652e+00 -4.09312820e+00]
  [ 2.81552887e+00 -4.27827978e+00]
  [ 6.87657261e+00 -8.77424431e+00]
  [ 2.16046572e+00 -4.02573490e+00]
  [-2.10571975e-01  4.41306710e-01]
  [-2.27833200e+00  2.58589220e+00]
  [ 8.60321641e-01 -1.00060320e+00]
  [-3.70289683e-02  5.63187182e-01]]

 [[ 1.67248917e+00 -1.34259868e+00]
  [ 1.27027905e+00 -7.39149868e-01]
  [ 1.57414937e+00 -9.30696487e-01]
  [ 7.04134583e-01 -7.67359257e-01]
  [ 1.51102304e+00 -2.45483351e+00]
  [ 2.06409788e+00 -2.96858716e+00]
  [-1.23123601e-01  2.98402697e-01]
  [ 4.87672716e-01 -9.68343079e-01]
  [ 3.49322939e+00 -5.07325983e+00]
  [ 6.15899038e+00 -8.08790493e+00]
  [ 6.16672802e+00 -8.34266376e+00]
  [ 2.64360523e+00 -4.24628496e+00]
  [ 2.85869926e-01 -5.97547054e-01]
  [-5.75808525e-01  6.97237194e-01]
  [-1.56232923e-01  5.35900235e-01]
  [-1.01115620e+00  2.30070567e+00]
  [-7.81947136e-01  1.13577342e+00]
  [ 3.23978734e+00 -1.26583481e+00]
  [ 1.00003350e+00 -6.62701309e-01]
  [ 2.13079739e+00 -8.31648827e-01]
  [ 2.43446589e+00 -2.55510956e-02]
  [-2.92797536e-01  3.93936276e-01]
  [ 7.57784462e+00 -1.00912714e+01]
  [-1.99227917e+00  5.19101667e+00]
  [-1.65724742e+00  4.49948359e+00]
  [ 1.30746043e+00 -6.19814098e-01]
  [ 2.19774652e+00 -1.18227744e+00]
  [ 1.69663858e+00 -2.87331605e+00]
  [ 2.95958209e+00 -4.13155556e+00]
  [ 2.83990359e+00 -4.30430126e+00]
  [ 6.91721725e+00 -8.81884098e+00]
  [ 2.19586110e+00 -4.06329536e+00]
  [-1.98960453e-01  4.18130994e-01]
  [ 1.27596200e+00 -3.80989373e-01]
  [ 3.68753225e-01  1.13323784e+00]]

 [[-7.08373070e-01  8.24806094e-01]
  [-2.98792690e-01  5.37470996e-01]
  [-1.97492212e-01  9.49131191e-01]
  [-9.93306041e-01  1.86301684e+00]
  [-7.16757536e-01  1.04018283e+00]
  [ 5.20962596e-01 -5.52175164e-01]
  [-7.95557499e-02 -2.47004896e-01]
  [ 1.49561810e+00 -9.00019526e-01]
  [ 1.61720550e+00 -1.06529546e+00]
  [ 2.27931190e+00 -2.40792656e+00]
  [ 1.93896782e+00 -2.77690721e+00]
  [ 1.20595825e+00 -1.97820163e+00]
  [ 1.55855745e-01 -4.38873559e-01]
  [ 2.35082388e+00 -3.75555515e+00]
  [ 3.22141123e+00 -4.39352226e+00]
  [ 5.21594524e+00 -6.85018396e+00]
  [ 2.01900363e+00 -3.11485267e+00]
  [ 2.78144598e-01  5.76564193e-01]
  [ 1.33266723e+00 -1.73670697e+00]
  [ 4.98477507e+00 -4.11772013e+00]
  [ 4.85500383e+00 -5.46597862e+00]
  [ 1.40969729e+00 -1.44747686e+00]
  [ 1.94005394e+00  1.72690606e+00]
  [-1.34405243e+00  2.40046597e+00]
  [ 1.96952236e+00 -1.09934354e+00]
  [ 1.43679202e+00 -8.40456128e-01]
  [ 2.86600947e+00 -3.98218513e+00]
  [ 1.30843842e+00 -2.19692016e+00]
  [-3.08488756e-01  5.41396320e-01]
  [ 2.39342356e+00 -4.20657635e+00]
  [ 6.60288763e+00 -8.49497890e+00]
  [ 1.67420661e+00 -2.83114982e+00]
  [-1.40590638e-01  2.17695308e+00]
  [-3.48066777e-01  3.36661506e+00]
  [-3.06123942e-01  2.06183290e+00]]

 [[ 5.29914141e+00 -7.20708513e+00]
  [ 2.14503765e+00 -3.52553582e+00]
  [-7.04654157e-02 -1.07997186e-01]
  [-1.90995902e-01 -5.39252311e-02]
  [ 1.67428052e+00 -2.72123647e+00]
  [ 4.99686861e+00 -6.66975164e+00]
  [-8.74388933e-01  1.07472730e+00]
  [-2.74198771e-01  5.23436964e-01]
  [-4.21563953e-01  9.41962183e-01]
  [-1.11797416e+00  2.01186752e+00]
  [-1.73835588e+00  2.32924461e+00]
  [ 5.93075573e-01 -6.04549587e-01]
  [ 1.09898913e+00 -1.99965644e+00]
  [ 1.57933986e+00 -2.50809431e+00]
  [ 8.87997508e-01 -1.02828658e+00]
  [ 1.31996155e+00 -7.96860397e-01]
  [ 1.60360420e+00 -9.20598567e-01]
  [ 6.60453224e+00 -8.74580669e+00]
  [ 1.26278317e+00 -1.20862675e+00]
  [ 2.21887708e+00 -2.61782551e+00]
  [ 5.34261107e-01 -7.82247856e-02]
  [ 7.56156564e-01 -5.28478861e-01]
  [ 1.76371896e+00 -3.46308637e+00]
  [-4.02270406e-01  7.72868395e-01]
  [ 1.35006285e+00 -2.45747018e+00]
  [ 6.02302122e+00 -7.84673929e+00]
  [-1.09397769e+00  2.13964891e+00]
  [-2.21671510e+00  2.80398679e+00]
  [ 1.16154933e+00 -2.28595853e+00]
  [ 2.45996404e+00 -3.68442893e+00]
  [ 1.52300024e+00 -8.61458957e-01]
  [ 2.20560360e+00 -1.11587477e+00]
  [ 6.72348976e-01 -5.42113483e-01]
  [ 6.24116063e-02  7.35102355e-01]
  [ 7.88111925e-01 -1.08919406e+00]]]
pred: [0 0 0 0 0 0 0 0 0 0]
pred[0].item(): 0
adj: %0 = multiply(meta[relay.Constant][1], meta[relay.Constant][2]);
multiply(meta[relay.Constant][0], %0)

OK3
OK4
OK5
OK6
OK7
OK3
OK4
OK5
OK6
OK7
OK1
OK2
OK3
OK4
min time is 1.430511474609375e-06
max time is 1.7404556274414062e-05
median time is 1.9073486328125e-06
logits_tvm: [[[-0.25863332  0.4532197 ]
  [-0.810671    1.0240071 ]
  [-1.6499406   2.3136466 ]
  ...
  [ 0.6737945  -0.6011892 ]
  [ 0.06048447  0.6602768 ]
  [ 0.7305268  -1.146584  ]]

 [[-0.8214499   1.0149238 ]
  [-0.27895066  0.46059018]
  [-0.37351817  0.95198077]
  ...
  [ 1.1473886   0.03184527]
  [ 0.47579494  1.3361373 ]
  [ 1.1919721  -0.48440152]]

 [[-0.60655284  0.69248456]
  [-0.20161444  0.45283252]
  [-0.08956885  0.9630961 ]
  ...
  [ 1.9068893  -1.2119148 ]
  [ 1.031889    0.11481398]
  [ 1.9667658  -1.7185209 ]]

 ...

 [[-0.35213408  0.43123043]
  [-0.19141847  0.29550764]
  [-0.16131115  0.4809602 ]
  ...
  [-1.918907    3.7344363 ]
  [ 0.9488145  -1.3423924 ]
  [ 0.14019817  0.27965528]]

 [[-0.35702378  0.4397952 ]
  [-0.1864351   0.29381073]
  [-0.1591202   0.4801147 ]
  ...
  [-1.9105338   3.7359686 ]
  [ 0.9340441  -1.3135955 ]
  [ 0.12436563  0.30492646]]

 [[-0.83148885  0.99977535]
  [-0.28112954  0.52457964]
  [ 0.6065397  -0.6514974 ]
  ...
  [ 0.6639695  -0.6235481 ]
  [ 0.05101386  0.7109176 ]
  [ 0.63135684 -1.0412505 ]]]
pred: [0 0 0 0 0 0 0 0 0 0 0 0 0 0 0 0 0 0 0 0 0 0 0 0]
pred[0].item(): 0
adj: %0 = multiply(meta[relay.Constant][1], meta[relay.Constant][2]);
multiply(meta[relay.Constant][0], %0)

OK3
OK4
OK5
OK6
OK7
OK3
OK4
OK5
OK6
OK7
OK1
OK2
OK3
OK4
min time is 1.430511474609375e-06
max time is 6.67572021484375e-06
median time is 1.9073486328125e-06
logits_tvm: [[[-0.47584245  0.5776003 ]
  [-0.09759605  0.43469912]
  [ 0.12802966  1.1358223 ]
  ...
  [ 0.12158695 -0.28675234]
  [ 2.6367805  -2.935149  ]
  [ 1.7472619  -1.2356308 ]]

 [[-0.4728246   0.57285714]
  [-0.1009797   0.43560356]
  [ 0.12415216  1.1372266 ]
  ...
  [ 0.13034573 -0.3071089 ]
  [ 2.6827292  -3.01814   ]
  [ 1.7897971  -1.3057883 ]]

 [[-0.47181514  0.5715944 ]
  [-0.10335168  0.43703616]
  [ 0.1197778   1.1385102 ]
  ...
  [ 0.13651243 -0.32414138]
  [ 2.716373   -3.0751522 ]
  [ 1.8219608  -1.3577149 ]]

 ...

 [[-0.62193286  0.7307329 ]
  [-0.3133743   0.46012408]
  [-0.4149309   0.8970568 ]
  ...
  [ 1.0409704  -1.151922  ]
  [ 0.22629943  0.14887899]
  [ 1.0806789  -1.6817205 ]]

 [[-0.2625316   0.44295275]
  [-0.6046107   0.7459278 ]
  [-0.9281454   1.2958982 ]
  ...
  [ 0.99216604 -1.0685651 ]
  [ 0.14987734  0.2300176 ]
  [ 1.039813   -1.610671  ]]

 [[-0.25900805  0.44462776]
  [-0.6123297   0.7577402 ]
  [-0.9287548   1.2993002 ]
  ...
  [-2.109076    2.8305662 ]
  [-2.1374602   3.29606   ]
  [-1.1856691   3.069748  ]]]
pred: [0 0 0 0 0 0 0 0 0 0 0 0 0 0 0 0 0 0 0 0 0 0 0 0 0 0 0 0 0 0 0 0 0 0 0 0 0
 0 0 0 0 0 0 0 0 0 0]
pred[0].item(): 0
adj: %0 = multiply(meta[relay.Constant][1], meta[relay.Constant][2]);
multiply(meta[relay.Constant][0], %0)

OK3
OK4
OK5
OK6
OK7
OK3
OK4
OK5
OK6
OK7
OK1
OK2
OK3
OK4
min time is 1.6689300537109375e-06
max time is 6.67572021484375e-06
median time is 1.9073486328125e-06
logits_tvm: [[[-0.4222367   0.4658941 ]
  [-0.15588892  0.34553647]
  [ 0.06475639  0.7048156 ]
  ...
  [-2.0828798   2.6912742 ]
  [-1.3841876   3.0426054 ]
  [-1.0616609   2.5105994 ]]

 [[-0.41446015  0.45402777]
  [-0.15767413  0.3437883 ]
  [ 0.06958455  0.7008529 ]
  ...
  [ 2.5450149  -2.2677772 ]
  [ 1.6531477  -0.9777897 ]
  [ 2.5935283  -2.8137915 ]]

 [[-0.41176358  0.44924575]
  [-0.16160613  0.34489906]
  [ 0.06549197  0.70211065]
  ...
  [ 2.5556927  -2.3072069 ]
  [ 1.6643816  -1.0177124 ]
  [ 2.6042535  -2.8536026 ]]

 ...

 [[ 1.2369492  -1.4935071 ]
  [ 1.0536488  -0.6806054 ]
  [ 1.3732188  -0.88397306]
  ...
  [ 1.3723757  -0.22312146]
  [ 0.5672666   1.115077  ]
  [ 1.4085376  -0.6498311 ]]

 [[-0.15895972  0.24621701]
  [-0.321834    0.3993702 ]
  [-0.49723396  0.7306585 ]
  ...
  [ 1.1270673  -1.7059793 ]
  [-1.0687759   2.955443  ]
  [-1.9763275   2.7157805 ]]

 [[ 6.0779505  -8.140797  ]
  [ 2.8085427  -4.4142113 ]
  [ 0.38381162 -0.734033  ]
  ...
  [ 0.82331824 -0.71639854]
  [ 0.09724915  0.6017607 ]
  [ 0.9365746  -1.2374728 ]]]
pred: [0 0 0 0 0 0 0 0 0 0 0 0 0 0 0 0 0 0 0 0 0 0 0 0 0 0 0 0 0 0 0 0 0 0 0 0 0
 0 0 0 0]
pred[0].item(): 0
adj: %0 = multiply(meta[relay.Constant][1], meta[relay.Constant][2]);
multiply(meta[relay.Constant][0], %0)

OK3
OK4
OK5
OK6
OK7
OK3
OK4
OK5
OK6
OK7
OK1
OK2
OK3
OK4
min time is 1.430511474609375e-06
max time is 6.67572021484375e-06
median time is 1.9073486328125e-06
logits_tvm: [[[ -4.2492013    4.5332503 ]
  [ -0.62453806   0.7729091 ]
  [ -0.02476472   0.26469758]
  ...
  [  1.061446    -0.9176274 ]
  [  0.2643743    0.45586544]
  [  1.0706868   -1.3536909 ]]

 [[ -0.47879246   0.6315483 ]
  [ -0.11485326   0.24248353]
  [ -0.1410245    0.5355783 ]
  ...
  [  1.9737729   -1.08693   ]
  [  1.1015109    0.2103073 ]
  [  2.0293036   -1.6201165 ]]

 [[ -0.4768043    0.6337644 ]
  [ -0.10174015   0.24376729]
  [ -0.06430475   0.47693145]
  ...
  [  1.8979388   -0.95998603]
  [  1.0394514    0.35187596]
  [  1.9491122   -1.479635  ]]

 ...

 [[  1.8204253   -1.3898976 ]
  [  1.2368567   -0.6867758 ]
  [  1.6085104   -1.0303569 ]
  ...
  [ -2.0130134    2.3466632 ]
  [  1.0012612   -0.68385845]
  [  0.09848407   0.82137316]]

 [[  1.8631862   -1.4429874 ]
  [  1.2257265   -0.6849856 ]
  [  1.589435    -1.0209074 ]
  ...
  [ -0.07803127   1.2286801 ]
  [  8.821015   -12.363153  ]
  [ 10.15643    -13.406462  ]]

 [[  1.4368491   -1.7573338 ]
  [  0.76864433  -0.4780963 ]
  [  1.0231096   -0.69501585]
  ...
  [  0.6288569   -0.31641775]
  [ -1.7266665    4.092601  ]
  [ -1.6665846    3.539931  ]]]
pred: [0 0 0 0 0 0 0 0 0 0 0 0 0 0 0 0 0 0 0 0 0 0 0 0 0 0 0 0 0]
pred[0].item(): 0
adj: %0 = multiply(meta[relay.Constant][1], meta[relay.Constant][2]);
multiply(meta[relay.Constant][0], %0)

OK3
OK4
OK5
OK6
OK7
OK3
OK4
OK5
OK6
OK7
OK1
OK2
OK3
OK4
min time is 1.430511474609375e-06
max time is 6.4373016357421875e-06
median time is 1.9073486328125e-06
logits_tvm: [[[-3.90461326e-01  5.04759312e-01]
  [-1.42370701e-01  2.94146329e-01]
  [-1.84701353e-01  7.57607996e-01]
  ...
  [-3.16236639e+00  3.29296231e+00]
  [-3.16026735e+00  2.95491433e+00]
  [-2.52278280e+00  3.16125512e+00]]

 [[-3.30513924e-01  4.88202214e-01]
  [ 1.64452374e-01  2.71714389e-01]
  [ 5.61525524e-01  7.55914092e-01]
  ...
  [ 9.73684788e+00 -1.35963955e+01]
  [ 1.10921001e+01 -1.46531076e+01]
  [ 1.09660673e+01 -1.49630852e+01]]

 [[-3.08917910e-01  5.00685811e-01]
  [ 1.47920042e-01  3.74371856e-01]
  [ 5.34579635e-01  9.51416552e-01]
  ...
  [ 1.98366296e+00 -1.43521285e+00]
  [ 1.04746351e+01 -1.30891113e+01]
  [ 9.30867195e+00 -1.18171692e+01]]

 ...

 [[-7.38951266e-02  2.43830174e-01]
  [-2.39581883e-01  4.03680623e-01]
  [-6.90341473e-01  1.08871675e+00]
  ...
  [-9.26445293e+00  7.59353733e+00]
  [-9.10321712e+00  7.01185894e+00]
  [-9.63226223e+00  7.44662333e+00]]

 [[ 2.35237703e-01  1.46601051e-01]
  [-3.41183960e-01  7.55184531e-01]
  [-4.34227556e-01  1.07600737e+00]
  ...
  [ 3.20796852e+01 -4.09102554e+01]
  [ 3.14449158e+01 -3.96078568e+01]
  [ 3.21595268e+01 -4.05732727e+01]]

 [[-1.03448629e-01  1.57225072e-01]
  [-9.74728614e-02  1.19157463e-01]
  [-2.14270800e-02  3.33686501e-01]
  ...
  [-2.68295622e+00  2.83540130e+00]
  [ 1.86701739e+00 -2.49290848e+00]
  [ 8.77206922e-01 -7.11014807e-01]]]
pred: [0 0 0 0 0 0 0 0 0 0 0 0 0 0 0 0 0 0 0 0 0 0 0 0 0 0 0 0 0 0 0 0 0 0 0 0 0
 0 0 0 0 0 0 0 0 0 0 0]
pred[0].item(): 0
adj: %0 = multiply(meta[relay.Constant][1], meta[relay.Constant][2]);
multiply(meta[relay.Constant][0], %0)

OK3
OK4
OK5
OK6
OK7
OK3
OK4
OK5
OK6
OK7
OK1
OK2
OK3
OK4
min time is 1.6689300537109375e-06
max time is 6.67572021484375e-06
median time is 1.9073486328125e-06
logits_tvm: [[[ -0.32240015   0.39803365]
  [ -0.1445882    0.25997522]
  [ -0.15115649   0.69560117]
  ...
  [ -3.14655      2.846391  ]
  [ -2.6333983    3.0878146 ]
  [ -2.2885833    6.0622053 ]]

 [[ -0.41955593   0.55205446]
  [  0.07392037   0.32722065]
  [  0.38507786   0.86226594]
  ...
  [  9.43476    -12.809017  ]
  [  8.221863   -11.45028   ]
  [  9.584036   -12.530114  ]]

 [[ -0.2563274    0.5171726 ]
  [  0.29738563   0.33577374]
  [  0.7724056    0.8892554 ]
  ...
  [  9.7412     -12.195048  ]
  [  8.504255   -10.847685  ]
  [ 10.135493   -12.683844  ]]

 ...

 [[ -0.30651668   0.31085825]
  [ -0.18077981   0.3270758 ]
  [ -0.0680446    0.9215601 ]
  ...
  [  1.37889     -1.7843783 ]
  [  0.4888386   -0.48941058]
  [  1.4296838   -2.3238828 ]]

 [[ -0.13805963   0.12275721]
  [ -0.06011234   0.03367674]
  [ -0.6799178    0.8964457 ]
  ...
  [ -6.2625284    8.424365  ]
  [ -6.77674      9.814819  ]
  [ -1.7103876    3.3835044 ]]

 [[ -0.20304409   0.24049515]
  [ -0.16657943   0.16576669]
  [ -0.10889833   0.3978953 ]
  ...
  [  1.4165881   -1.622777  ]
  [  0.5580195   -0.40899283]
  [  1.5737532   -2.292616  ]]]
pred: [0 0 0 0 0 0 0 0 0 0 0 0 0 0 0 0 0 0 0 0 0 0 0 0 0 0 0 0 0 0 0 0 0 0 0 0 0
 0 0 0 0 0 0 0 0 0 0 0 0 0 0 0 0 0 0 0 0]
pred[0].item(): 0
adj: %0 = multiply(meta[relay.Constant][1], meta[relay.Constant][2]);
multiply(meta[relay.Constant][0], %0)

OK3
OK4
OK5
OK6
OK7
OK3
OK4
OK5
OK6
OK7
OK1
OK2
OK3
OK4
min time is 1.6689300537109375e-06
max time is 6.9141387939453125e-06
median time is 1.9073486328125e-06
logits_tvm: [[[-4.93339866e-01  7.32982099e-01]
  [ 9.55753773e-02  1.09506637e-01]
  [ 1.74233183e-01  3.88449788e-01]
  ...
  [ 6.47557974e-01  9.80371177e-01]
  [ 5.96537888e-02  2.30138421e+00]
  [ 7.77525306e-01  5.86610973e-01]]

 [[-4.91601557e-01  7.29141235e-01]
  [ 9.12242830e-02  1.11575276e-01]
  [ 1.74577504e-01  3.89970660e-01]
  ...
  [ 9.44079113e+00 -1.27296057e+01]
  [ 8.26464367e+00 -1.15919867e+01]
  [ 9.56774807e+00 -1.25640974e+01]]

 [[-2.86696047e-01  4.28080678e-01]
  [ 3.41554433e-02  5.09776622e-02]
  [ 2.93366849e-01  1.90263063e-01]
  ...
  [-4.21594810e+00  3.72752857e+00]
  [-6.83308220e+00  6.94914770e+00]
  [-6.21207428e+00  7.19336462e+00]]

 ...

 [[-4.00957376e-01  3.94341320e-01]
  [-1.04084209e-01  1.43933237e-01]
  [-2.27520242e-02  3.82123798e-01]
  ...
  [-2.70773745e+00  2.54014254e+00]
  [ 1.74276555e+00 -2.63399196e+00]
  [ 8.22231174e-01 -8.51576030e-01]]

 [[ 4.58985996e+00 -6.20794201e+00]
  [ 2.57570171e+00 -3.98224926e+00]
  [ 1.23233950e+00 -2.11403155e+00]
  ...
  [-4.78531075e+00  7.47973347e+00]
  [-5.87251043e+00  9.98765945e+00]
  [-5.32554626e+00  9.52188683e+00]]

 [[-3.89351398e-02  6.34540617e-02]
  [-1.25647038e-02  5.32276183e-02]
  [ 4.34687525e-01  2.14628518e-01]
  ...
  [-2.58749199e+00  2.64300776e+00]
  [ 2.08105659e+00 -3.02790785e+00]
  [ 1.09940684e+00 -1.20039988e+00]]]
pred: [0 0 0 0 0 0 0 0 0 0 0 0 0 0 0 0 0 0 0 0 0 0 0 0 0 0 0 0 0 0 0 0 0 0 0 0 0
 0 0 0 0 0 0 0 0]
pred[0].item(): 0
adj: %0 = multiply(meta[relay.Constant][1], meta[relay.Constant][2]);
multiply(meta[relay.Constant][0], %0)

OK3
OK4
OK5
OK6
OK7
OK3
OK4
OK5
OK6
OK7
OK1
OK2
OK3
OK4
min time is 1.430511474609375e-06
max time is 2.574920654296875e-05
median time is 1.9073486328125e-06
logits_tvm: [[[-1.4351836e-01  1.6097206e-01]
  [-1.1681613e-01  9.0106189e-02]
  [-3.1734273e-02  2.8034082e-01]
  ...
  [-2.5265009e+00  6.7883048e+00]
  [-2.0406926e+00  6.2632341e+00]
  [-4.6281443e+00  5.0341835e+00]]

 [[-3.2580096e-01  5.6435269e-01]
  [ 2.7011934e-01  8.6149722e-02]
  [ 4.9108902e-01  3.8345265e-01]
  ...
  [ 1.2616031e+01 -1.6032360e+01]
  [ 1.1822536e+01 -1.4606940e+01]
  [ 1.2610496e+01 -1.5752021e+01]]

 [[-3.6764351e-01  4.3781585e-01]
  [ 1.3058418e-01  9.3305558e-03]
  [ 4.0412378e-01  2.0047140e-01]
  ...
  [ 1.8787405e+01 -2.6375668e+01]
  [ 1.6573435e+01 -2.3765553e+01]
  [ 1.8208607e+01 -2.5267347e+01]]

 ...

 [[ 7.3372507e-01 -1.6358652e+00]
  [ 5.5931318e-01 -8.9225334e-01]
  [-1.2466748e-01  2.0719361e-01]
  ...
  [ 3.5435166e+00 -4.5606170e+00]
  [ 2.7774367e+00 -3.4276712e+00]
  [ 3.7451687e+00 -5.2731018e+00]]

 [[ 4.5492134e+00 -6.3350406e+00]
  [ 3.4934998e+00 -5.8023448e+00]
  [ 1.2794174e+00 -2.2547622e+00]
  ...
  [-6.3352056e+00  5.3038430e+00]
  [-6.3451834e+00  4.7960835e+00]
  [-6.8803167e+00  5.3333387e+00]]

 [[-1.3126975e-01  1.2757260e-01]
  [-9.2249483e-02  9.9167854e-02]
  [ 2.7859086e-01  3.0618739e-01]
  ...
  [ 1.2172974e+00 -1.3952694e+00]
  [ 3.4253556e-01 -8.2071483e-02]
  [ 1.2258228e+00 -1.8873355e+00]]]
pred: [0 0 0 0 0 0 0 0 0 0 0 0 0 0 0 0 0 0 0 0 0 0 0 0 0 0 0 0 0 0 0 0 0 0 0 0 0
 0 0]
pred[0].item(): 0
adj: %0 = multiply(meta[relay.Constant][1], meta[relay.Constant][2]);
multiply(meta[relay.Constant][0], %0)

OK3
OK4
OK5
OK6
OK7
OK3
OK4
OK5
OK6
OK7
OK1
OK2
OK3
OK4
min time is 1.430511474609375e-06
max time is 1.8358230590820312e-05
median time is 1.9073486328125e-06
logits_tvm: [[[-3.02148342e-01  6.94862664e-01]
  [ 4.05633718e-01  1.39145106e-01]
  [ 7.13874459e-01  5.96607745e-01]
  ...
  [ 1.51718187e+01 -1.90978031e+01]
  [ 1.42639408e+01 -1.75802650e+01]
  [ 1.47429991e+01 -1.84769802e+01]]

 [[-4.26890999e-01  6.94988787e-01]
  [ 2.46421069e-01 -2.61858106e-04]
  [ 2.60084152e-01  3.38780880e-01]
  ...
  [ 7.79258251e+00 -1.30076733e+01]
  [ 9.98232651e+00 -1.54271965e+01]
  [ 8.71437550e+00 -1.43262815e+01]]

 [[-1.66437000e-01  1.17337734e-01]
  [-3.73663604e-02  8.09755623e-02]
  [ 3.11042398e-01  3.92391741e-01]
  ...
  [-7.69163609e+00  7.40273476e+00]
  [-7.35358381e+00  7.04060650e+00]
  [-7.01353979e+00  7.29959774e+00]]

 ...

 [[ 4.88589621e+00 -6.64931870e+00]
  [ 4.20841312e+00 -6.67891979e+00]
  [ 2.50249863e+00 -4.31679201e+00]
  ...
  [ 9.99221563e-01  2.89298058e+00]
  [ 1.04977298e+00  3.10977387e+00]
  [ 1.66290581e+00  2.57230759e+00]]

 [[-6.61184937e-02  3.42591792e-01]
  [ 2.78592110e-01 -2.86015570e-02]
  [ 3.15900803e-01  1.83764815e-01]
  ...
  [ 1.26840639e+01 -1.66076984e+01]
  [ 1.21131659e+01 -1.52992945e+01]
  [ 1.27932291e+01 -1.62650471e+01]]

 [[-2.18215346e-01  3.11388433e-01]
  [ 4.70577851e-02 -1.93032473e-02]
  [ 9.22109261e-02  2.02270061e-01]
  ...
  [ 9.37621021e+00 -1.38196754e+01]
  [ 8.22621632e+00 -1.23645773e+01]
  [ 7.53329277e+00 -1.14842110e+01]]]
pred: [0 0 0 1 0 0 0 0 0 0 0 0 0 0 0 0 0 0 0 0 0 0 0 0 0 0 0 0 0]
pred[0].item(): 0
adj: %0 = multiply(meta[relay.Constant][1], meta[relay.Constant][2]);
multiply(meta[relay.Constant][0], %0)

OK3
OK4
OK5
OK6
OK7
OK3
OK4
OK5
OK6
OK7
OK1
OK2
OK3
OK4
min time is 1.430511474609375e-06
max time is 2.288818359375e-05
median time is 1.9073486328125e-06
logits_tvm: [[[-3.4385347e-01  6.8064332e-01]
  [ 3.3477888e-01 -3.3730559e-02]
  [ 3.6491111e-01  2.9937732e-01]
  ...
  [ 9.0981531e+00 -1.2986434e+01]
  [ 1.1044687e+01 -1.6729891e+01]
  [ 1.1937856e+01 -1.7534994e+01]]

 [[ 3.4965806e-02  9.3123093e-02]
  [ 2.2306859e-01 -8.6248510e-02]
  [ 3.8918462e-01  1.4112803e-01]
  ...
  [-8.3140182e+00  8.9441938e+00]
  [-9.0514374e+00  8.6958733e+00]
  [-4.9170465e+00  5.3671703e+00]]

 [[-7.5190723e-02  9.7743481e-02]
  [ 5.5678740e-02  1.3740805e-01]
  [ 4.6964225e-01  4.9976057e-01]
  ...
  [-7.0964689e+00  7.3642235e+00]
  [-6.7587833e+00  6.9931936e+00]
  [-6.3384051e+00  7.2582722e+00]]

 ...

 [[ 4.8509064e+00 -6.7375340e+00]
  [ 4.1837964e+00 -6.8449750e+00]
  [ 2.6321621e+00 -4.6622887e+00]
  ...
  [-1.7297679e+00  2.7803676e+00]
  [-4.7228289e+00  8.5915842e+00]
  [-4.1986423e+00  8.0984983e+00]]

 [[-1.5578684e-01  4.1673744e-01]
  [ 2.1948823e-01  1.9577779e-02]
  [ 2.3676960e-01  2.4573460e-01]
  ...
  [ 1.2703324e+01 -1.6524857e+01]
  [ 1.2118475e+01 -1.5215800e+01]
  [ 1.2799174e+01 -1.6209835e+01]]

 [[-3.0452490e-01  3.8481712e-01]
  [-6.2944591e-03  2.9568508e-02]
  [ 1.7630473e-02  2.6381546e-01]
  ...
  [ 9.3402605e+00 -1.3763807e+01]
  [ 8.1890850e+00 -1.2321671e+01]
  [ 7.5024424e+00 -1.1401786e+01]]]
pred: [0 1 0 0 0 0 0 0 0 0 0 0 0 0 0 0 0 0 0 0 0 0 0 0 0]
pred[0].item(): 0
adj: %0 = multiply(meta[relay.Constant][1], meta[relay.Constant][2]);
multiply(meta[relay.Constant][0], %0)

OK3
OK4
OK5
OK6
OK7
OK3
OK4
OK5
OK6
OK7
OK1
OK2
OK3
OK4
min time is 1.430511474609375e-06
max time is 2.6702880859375e-05
median time is 1.9073486328125e-06
logits_tvm: [[[-6.2090486e-02  5.7346895e-02]
  [ 1.4109604e-02  1.0612349e-01]
  [ 4.2241284e-01  2.8405669e-01]
  ...
  [-2.1717997e+00  2.6634016e+00]
  [ 6.7390181e-02  1.6652455e+00]
  [-5.5543035e-02  2.8059204e+00]]

 [[-4.2258123e-01  6.5548486e-01]
  [ 4.0591875e-01  9.7001851e-02]
  [ 8.6907029e-01  6.3432014e-01]
  ...
  [ 3.0014362e+01 -3.7206329e+01]
  [ 2.9096350e+01 -3.5728065e+01]
  [ 2.9888002e+01 -3.6850300e+01]]

 [[ 1.3780881e-01  6.4391857e-01]
  [ 1.0225426e+00  1.7233944e-01]
  [ 1.9266831e+00  7.2049397e-01]
  ...
  [ 1.9731115e+01 -2.4755707e+01]
  [ 1.7340717e+01 -2.2082235e+01]
  [ 1.8852165e+01 -2.3571335e+01]]

 ...

 [[-6.2335289e-01  8.1573230e-01]
  [ 2.4107528e-01  4.9895227e-02]
  [ 1.0799723e+00  5.2928519e-01]
  ...
  [ 2.1111221e+01 -2.9721996e+01]
  [ 2.2301449e+01 -3.0783829e+01]
  [ 2.3234463e+01 -3.2281605e+01]]

 [[-7.6327109e-01  4.5196563e-01]
  [-3.3109400e-01  1.8121418e-01]
  [-5.0790739e-01  5.7551807e-01]
  ...
  [-6.1145341e-01  3.3603437e+00]
  [ 1.2622828e+00  2.4836264e+00]
  [ 1.8425280e+00  2.2880256e+00]]

 [[-4.0200278e-02  1.9606672e-02]
  [ 1.7810822e-01 -3.4029907e-01]
  [-6.0261488e-01  7.2630006e-01]
  ...
  [-2.7198193e+00  2.0687976e+00]
  [-2.2014687e+00  1.4957433e+00]
  [-3.0755587e+00  1.7659206e+00]]]
pred: [0 0 0 0 0 0 0 0 0 0 0 1 0 0 0 0 0 0 0 0 0 0 0]
pred[0].item(): 0
adj: %0 = multiply(meta[relay.Constant][1], meta[relay.Constant][2]);
multiply(meta[relay.Constant][0], %0)

OK3
OK4
OK5
OK6
OK7
OK3
OK4
OK5
OK6
OK7
OK1
OK2
OK3
OK4
min time is 1.430511474609375e-06
max time is 2.6226043701171875e-05
median time is 1.9073486328125e-06
logits_tvm: [[[ -0.39494106   0.6569552 ]
  [  0.28461206  -0.15130657]
  [  0.26572454   0.17697504]
  ...
  [  5.1561475   -7.543441  ]
  [  4.3876505   -6.3321757 ]
  [  6.7839055   -8.97883   ]]

 [[ -0.81363964   1.1900189 ]
  [  0.2757827    0.12391528]
  [  0.43143287   0.63307816]
  ...
  [  8.83784    -12.6212635 ]
  [  7.94519    -11.331581  ]
  [  6.876361   -10.476451  ]]

 [[  0.5795455   -0.2846101 ]
  [  1.2990196   -0.7136267 ]
  [  3.2270293   -1.847295  ]
  ...
  [  5.979754    -8.191221  ]
  [  8.868663   -11.233616  ]
  [ 10.016314   -12.550688  ]]

 ...

 [[  0.09410205  -0.6436539 ]
  [  0.4707639   -1.0440909 ]
  [ -0.6321758    0.24421275]
  ...
  [  2.0309968    4.7636557 ]
  [ -0.08802016   4.8825784 ]
  [ -1.888904     3.9720147 ]]

 [[  0.03995602  -0.5948609 ]
  [  0.34128243  -1.0003362 ]
  [ -0.49339244   0.0755049 ]
  ...
  [  0.45435324   3.7491753 ]
  [  0.35753325   4.5062356 ]
  [ -1.864999     2.9521348 ]]

 [[  0.21572582  -0.04818097]
  [  0.27282882  -0.15973821]
  [ -0.20823753   0.6469881 ]
  ...
  [ -2.8339715    4.20877   ]
  [ -1.8426346    3.7957194 ]
  [ -0.2108239    2.354235  ]]]
pred: [0 0 0 0 0 0 0 0 0 0 0 0]
pred[0].item(): 0
adj: %0 = multiply(meta[relay.Constant][1], meta[relay.Constant][2]);
multiply(meta[relay.Constant][0], %0)

OK3
OK4
OK5
OK6
OK7
OK3
OK4
OK5
OK6
OK7
OK1
OK2
OK3
OK4
min time is 1.6689300537109375e-06
max time is 6.4373016357421875e-06
median time is 1.9073486328125e-06
logits_tvm: [[[ 1.88355491e-01 -1.96493357e-01]
  [ 2.18618929e-01 -1.19030476e-03]
  [ 4.81902689e-01  2.00288653e-01]
  [-1.76431447e-01  1.25124073e+00]
  [-1.28349328e+00  1.84586501e+00]
  [ 7.06673741e-01 -7.86716342e-01]
  [ 1.93547332e+00 -2.85214520e+00]
  [ 1.47294796e+00 -2.08925176e+00]
  [ 3.55049181e+00 -4.56429195e+00]
  [ 3.18992805e+00 -3.73388100e+00]
  [ 4.92020577e-01 -1.78480208e-01]
  [ 6.66108370e-01 -2.07657188e-01]
  [ 1.97718596e+00 -3.81935954e+00]
  [ 4.07008410e+00 -6.88731861e+00]
  [ 4.66491652e+00 -6.66829729e+00]
  [ 8.12413979e+00 -1.04707975e+01]
  [ 5.54545021e+00 -7.07862616e+00]
  [ 9.07835197e+00 -1.09461832e+01]
  [ 2.11221480e+00 -2.46227288e+00]
  [ 5.02434349e+00 -5.67024565e+00]
  [ 9.59858990e+00 -1.26605759e+01]
  [ 1.66079819e+00 -2.41322327e+00]
  [-3.30560088e+00  3.84996486e+00]
  [-1.93982095e-01  2.72407246e+00]
  [-6.73356175e-01  1.24609017e+00]
  [-6.93834257e+00  4.02400875e+00]
  [-2.18638921e+00  1.70564055e+00]
  [-5.21541715e-01  5.81652820e-01]
  [ 4.52067286e-01 -9.21297073e-02]
  [ 5.89564919e-01 -8.93574655e-01]
  [ 4.77318478e+00 -5.97506285e+00]
  [-5.01196384e-02  6.38083339e-01]
  [ 1.21507394e+00 -4.82382089e-01]
  [ 1.06356823e+00 -2.79564714e+00]
  [ 4.18193722e+00 -7.31031322e+00]
  [ 9.69325447e+00 -1.21987181e+01]
  [ 5.56118631e+00 -7.03281021e+00]
  [ 4.28511572e+00 -5.67093754e+00]
  [ 3.41008973e+00 -4.37549162e+00]
  [ 4.45334768e+00 -6.23574638e+00]
  [-2.81254601e+00  3.01109242e+00]
  [-2.52294660e+00  2.64710975e+00]
  [-2.10404801e+00  2.89632487e+00]
  [-2.40207374e-01  2.68788671e+00]
  [ 2.36515626e-01  2.15302110e+00]
  [-5.26443720e+00  3.19256687e+00]
  [-5.16620302e+00  2.64690495e+00]
  [-5.66232920e+00  3.15766358e+00]]

 [[-3.88632745e-01  5.32947123e-01]
  [ 2.95193136e-01 -1.14144385e-02]
  [ 2.97182322e-01  4.00729716e-01]
  [-1.11409378e+00  2.84015894e+00]
  [-4.84664589e-01  8.87149751e-01]
  [ 7.30455995e-01 -7.63426483e-01]
  [-9.00167674e-02 -6.26819879e-02]
  [ 7.37624407e-01 -1.52686071e+00]
  [ 1.14907706e+00 -1.86098051e+00]
  [ 6.85874462e-01 -6.58699512e-01]
  [ 1.35989857e+00 -7.94997394e-01]
  [ 1.92222476e+00 -1.35984826e+00]
  [ 1.32714224e+00 -2.15778780e+00]
  [ 4.65231895e+00 -6.05069399e+00]
  [ 2.94330764e+00 -4.07202625e+00]
  [ 1.56623256e+00 -2.50905848e+00]
  [ 1.31713361e-01 -7.61951953e-02]
  [-3.86773014e+00  8.57788372e+00]
  [-8.10262322e-01  1.95439744e+00]
  [-3.12936592e+00  5.55965710e+00]
  [-2.12856579e+00  5.93080282e+00]
  [ 3.19130242e-01 -1.62667572e-01]
  [ 3.63845259e-01 -4.06893581e-01]
  [ 2.11051926e-01 -1.51671469e-01]
  [ 3.65330160e-01  6.84432447e-01]
  [ 2.19250154e+00 -4.59973145e+00]
  [ 1.26874228e+01 -1.61311150e+01]
  [ 4.82777882e+00 -6.77440119e+00]
  [ 1.33378372e+01 -1.92225361e+01]
  [ 2.85783440e-01 -3.25327367e-02]
  [ 5.65334558e-01 -1.57291222e+00]
  [ 1.92042696e+00 -2.91359591e+00]
  [ 1.58926892e+00 -8.15547705e-01]
  [ 2.61825562e+00 -1.71546507e+00]
  [ 1.13899660e+00 -2.03544068e+00]
  [ 1.21799380e-01  5.21453738e-01]
  [ 3.22529763e-01  2.97648847e-01]
  [-2.14481562e-01  1.61378932e+00]
  [ 4.71300930e-01 -4.84619737e-02]
  [ 1.32220972e+00 -2.77158356e+00]
  [ 1.54636919e+00 -2.95417953e+00]
  [ 2.14342976e+00 -4.59508276e+00]
  [ 9.12871456e+00 -1.16559792e+01]
  [ 9.63568974e+00 -1.22203512e+01]
  [ 1.08463116e+01 -1.35910540e+01]
  [ 1.04086437e+01 -1.48433800e+01]
  [ 8.10192871e+00 -1.21100721e+01]
  [ 9.27316284e+00 -1.31879025e+01]]

 [[-3.37339073e-01  6.26842082e-01]
  [ 3.63260776e-01  1.01565972e-01]
  [ 3.77618670e-01  5.35830677e-01]
  [-8.26562047e-01  3.14487171e+00]
  [-4.06057030e-01  1.00782895e+00]
  [ 8.04457784e-01 -7.13947892e-01]
  [-5.47952056e-02 -1.91208944e-02]
  [ 8.18972230e-01 -1.55000973e+00]
  [ 1.21669054e+00 -1.88623309e+00]
  [ 7.26763606e-01 -6.49145007e-01]
  [ 1.46982813e+00 -7.13719130e-01]
  [ 2.04688835e+00 -1.26154852e+00]
  [ 1.75881171e+00 -2.82817626e+00]
  [ 4.61904812e+00 -6.05884743e+00]
  [ 3.26198006e+00 -4.50753069e+00]
  [ 1.57428110e+00 -2.52275848e+00]
  [ 1.02378577e-01 -4.55153883e-02]
  [-3.03662658e+00  9.32304287e+00]
  [-6.14689589e-01  2.13609505e+00]
  [-2.63628054e+00  6.07474756e+00]
  [-1.48019612e+00  6.42040682e+00]
  [ 3.21814626e-01 -1.48235142e-01]
  [ 3.63143563e-01 -4.17895526e-01]
  [ 2.09974706e-01 -1.66213572e-01]
  [ 3.41361940e-01  7.69608200e-01]
  [ 2.26677680e+00 -4.64735079e+00]
  [ 5.48273706e+00 -7.10190344e+00]
  [ 1.70625782e+01 -2.17379894e+01]
  [ 2.42676950e+00 -5.22607851e+00]
  [ 3.08994055e-01  1.04472041e-02]
  [ 6.42034531e-01 -1.62420416e+00]
  [ 1.99777877e+00 -2.95742655e+00]
  [ 1.72144532e+00 -7.25674212e-01]
  [ 2.74986243e+00 -1.60485101e+00]
  [ 6.00015545e+00 -7.64807606e+00]
  [ 6.95632994e-02  5.83276927e-01]
  [ 2.73998827e-01  3.81012499e-01]
  [-1.82821959e-01  1.68428659e+00]
  [ 4.22205418e-01  3.58955264e-02]
  [ 1.45440137e+00 -2.51724505e+00]
  [ 1.81343186e+00 -3.49098611e+00]
  [ 1.96396148e+00 -4.37011242e+00]
  [ 1.35418577e+01 -1.74943619e+01]
  [ 1.29832840e+01 -1.62441711e+01]
  [ 1.36885834e+01 -1.72583675e+01]
  [ 5.59870124e-01 -2.16680336e+00]
  [ 1.48687601e+00 -3.44999933e+00]
  [ 2.92856169e+00 -4.88061619e+00]]

 [[ 5.30647326e+00 -6.50121403e+00]
  [ 6.24517679e-01 -6.44759238e-01]
  [ 5.05648375e-01 -3.75901759e-01]
  [ 1.95707393e+00 -2.50492835e+00]
  [ 6.77323151e+00 -8.49048519e+00]
  [ 6.20149183e+00 -7.65600586e+00]
  [ 7.52319813e-01 -1.09002852e+00]
  [ 3.51303458e+00 -4.96679211e+00]
  [ 7.65024614e+00 -9.85370636e+00]
  [ 9.99966049e+00 -1.29404545e+01]
  [ 5.81695986e+00 -8.21826267e+00]
  [ 5.61146164e+00 -8.94487953e+00]
  [ 3.49220157e+00 -6.00052738e+00]
  [ 9.90130544e-01 -1.58889103e+00]
  [ 1.16556399e-01 -1.03799582e-01]
  [-3.35891753e-01  5.16467810e-01]
  [-5.27933478e-01  3.05564433e-01]
  [ 1.47906933e+01 -1.82866650e+01]
  [ 3.27163339e+00 -4.01049852e+00]
  [ 8.27747154e+00 -9.97163200e+00]
  [ 1.44547520e+01 -1.83192158e+01]
  [ 2.03287268e+00 -2.90868640e+00]
  [-3.20660323e-01  9.46896374e-01]
  [ 7.33319402e-01  6.02169573e-01]
  [ 6.93496704e-01  1.06926250e+00]
  [-4.77944642e-01  1.78906322e+00]
  [-1.71519339e+00  2.73448491e+00]
  [-1.66499019e+00  2.29053760e+00]
  [-8.23644161e-01  2.28747559e+00]
  [-2.23117781e+00  4.82618856e+00]
  [ 9.66427922e-02  1.51270330e-01]
  [ 1.00519553e-01  3.39788139e-01]
  [ 6.93331766e+00 -8.61054707e+00]
  [ 6.76570892e+00 -8.18788052e+00]
  [ 7.91434479e+00 -1.00523710e+01]
  [ 1.16179838e+01 -1.47352581e+01]
  [ 5.69956827e+00 -9.32526398e+00]
  [ 2.48261428e+00 -4.95068884e+00]
  [-1.38538408e+00  1.07606936e+00]
  [ 7.48474979e+00 -9.68840122e+00]
  [ 6.14864063e+00 -7.70927811e+00]
  [ 1.12576056e+00  2.77339935e-01]
  [ 1.07587767e+00  9.44021761e-01]
  [-2.15678048e+00  3.16212344e+00]
  [-2.08089828e+00  2.55174184e+00]
  [-1.65307462e+00  3.87268662e+00]
  [-2.38612342e+00  3.80470467e+00]
  [-1.53744245e+00  4.12633610e+00]]

 [[ 4.72586489e+00 -5.56866932e+00]
  [ 4.03200924e-01 -2.25175798e-01]
  [ 4.27436173e-01 -7.56458640e-02]
  [ 1.66637027e+00 -2.05393124e+00]
  [ 6.04297447e+00 -7.52699471e+00]
  [ 5.62565279e+00 -6.88800526e+00]
  [ 6.06339216e-01 -8.59784365e-01]
  [ 3.07060170e+00 -4.51314306e+00]
  [ 7.08910275e+00 -9.28817844e+00]
  [ 9.43802357e+00 -1.22730789e+01]
  [ 5.39772606e+00 -7.69619846e+00]
  [ 5.06555748e+00 -8.22511196e+00]
  [ 2.96402812e+00 -5.38791990e+00]
  [ 7.88945913e-01 -1.35403347e+00]
  [ 2.10476324e-01 -1.39122084e-01]
  [-8.99487287e-02  3.09725761e-01]
  [-4.89484400e-01  2.89615452e-01]
  [ 1.30555182e+01 -1.52510185e+01]
  [ 2.96043015e+00 -3.48331761e+00]
  [ 7.45266056e+00 -8.52631187e+00]
  [ 1.24467735e+01 -1.47521906e+01]
  [ 1.87475407e+00 -2.71317983e+00]
  [-1.80935442e-01  6.61884308e-01]
  [ 1.22143045e-01  1.27858564e-01]
  [-1.26957119e+00  1.94485378e+00]
  [-1.98556221e+00  3.66751862e+00]
  [-3.18325138e+00  3.89859056e+00]
  [-4.24387360e+00  5.32853079e+00]
  [-4.13620758e+00  6.16408205e+00]
  [-1.97990644e+00  4.36433220e+00]
  [-2.71047401e+00  7.13401508e+00]
  [-4.50216722e+00  5.30390835e+00]
  [-1.63850248e-01  6.33797884e-01]
  [ 2.05226898e-01  3.95505905e-01]
  [ 6.22720337e+00 -7.70234680e+00]
  [ 6.21158504e+00 -7.47332382e+00]
  [ 7.34695053e+00 -9.49232197e+00]
  [ 1.10685425e+01 -1.40638542e+01]
  [ 5.17535830e+00 -8.60631466e+00]
  [ 1.95300758e+00 -4.33065653e+00]
  [-1.29564965e+00  1.00142956e+00]
  [ 6.23039913e+00 -7.68656397e+00]
  [ 5.22939825e+00 -5.81073380e+00]
  [-1.58096457e+00  2.10546064e+00]
  [-3.39037490e+00  3.89845991e+00]
  [-3.84251070e+00  5.78050137e+00]
  [-1.10624933e+00  2.98295641e+00]
  [-1.56682110e+00  5.02190161e+00]]

 [[ 4.35958564e-01 -6.59845114e-01]
  [ 7.21152782e-01 -1.17866802e+00]
  [-4.20490205e-02 -6.27873838e-03]
  [-3.31662506e-01  5.31612337e-01]
  [ 9.06050205e-04  4.96658981e-02]
  [ 2.93666172e+00 -4.27854824e+00]
  [ 1.05457377e+00 -1.40749407e+00]
  [ 3.00619125e+00 -5.34379339e+00]
  [ 5.72193480e+00 -8.94173145e+00]
  [ 9.23475456e+00 -1.27091074e+01]
  [ 9.78158855e+00 -1.26542149e+01]
  [ 6.85212040e+00 -8.88707256e+00]
  [ 4.18476313e-01 -2.65414536e-01]
  [ 3.27169180e-01 -2.27598608e-01]
  [ 2.37008476e+00 -2.94865108e+00]
  [ 4.85530663e+00 -5.95839310e+00]
  [ 4.09155560e+00 -5.14010239e+00]
  [ 1.02192087e+01 -1.40276709e+01]
  [ 4.13008404e+00 -5.15010929e+00]
  [ 5.00193357e+00 -6.19039869e+00]
  [ 3.07350707e+00 -3.71512842e+00]
  [ 2.75169492e+00 -3.83873606e+00]
  [-7.42033124e-01  1.30495071e+00]
  [-2.08813334e+00  2.70791888e+00]
  [-2.49864507e+00  3.53359747e+00]
  [-1.56785774e+00  2.68856382e+00]
  [-7.64231920e-01  2.10158682e+00]
  [-3.30624014e-01  1.33179617e+00]
  [-2.05946159e+00  3.34736490e+00]
  [-4.38575268e+00  6.78284025e+00]
  [ 1.98465562e+00 -4.30294180e+00]
  [ 5.44256306e+00 -8.81867790e+00]
  [ 1.09261265e+01 -1.38470726e+01]
  [ 6.97411919e+00 -8.97634411e+00]
  [ 3.47124040e-01  9.53435898e-03]
  [-1.46883219e-01  5.75897694e-01]
  [ 6.08881044e+00 -7.30975056e+00]
  [ 4.89209414e+00 -6.11338139e+00]
  [ 2.21270132e+00 -3.02481222e+00]
  [ 1.31126595e+00 -1.65344119e+00]
  [ 2.28189993e+00 -3.49843264e+00]
  [-2.35894990e+00  2.82368469e+00]
  [-2.93044329e+00  4.00057983e+00]
  [-6.01826072e-01  2.09020448e+00]
  [ 5.07001579e-03  1.00425220e+00]
  [-3.53653598e+00  5.53436184e+00]
  [-4.07742786e+00  5.36041546e+00]
  [-3.11923909e+00  5.61714840e+00]]]
pred: [0 0 0 0 0 0]
pred[0].item(): 0
adj: %0 = multiply(meta[relay.Constant][1], meta[relay.Constant][2]);
multiply(meta[relay.Constant][0], %0)

OK3
OK4
OK5
OK6
OK7
OK3
OK4
OK5
OK6
OK7
OK1
OK2
OK3
OK4
min time is 1.430511474609375e-06
max time is 2.2411346435546875e-05
median time is 1.9073486328125e-06
logits_tvm: [[[-1.34193778e-01  2.29925960e-01]
  [ 4.06402141e-01 -4.11145777e-01]
  [ 5.29457331e-01 -2.42246792e-01]
  [-2.72175372e-02  5.94187200e-01]
  [-4.14191276e-01  8.91435862e-01]
  [ 7.49306798e-01 -1.01135159e+00]
  [-1.95001394e-01  1.78984642e-01]
  [ 2.16605496e+00 -1.85332131e+00]
  [ 1.57381976e+00 -1.20500159e+00]
  [ 6.05538964e-01  6.60243392e-01]
  [ 3.68659347e-01 -9.63138998e-01]
  [ 9.88872051e-02 -8.53408575e-01]
  [ 5.48295438e-01 -3.48168314e-02]
  [ 1.14099491e+00 -1.79085994e+00]
  [ 2.60169840e+00 -3.59051824e+00]
  [ 2.87737012e+00 -4.05569935e+00]
  [-2.62947381e-02 -8.93949926e-01]
  [-3.85069251e-01  6.19465303e+00]
  [ 3.33556086e-01  7.70218074e-01]
  [ 5.19159853e-01  2.39432359e+00]
  [-1.26759386e+00  9.64366055e+00]
  [ 3.05721664e+00 -4.14628744e+00]
  [ 1.41049111e+00 -1.87114286e+00]
  [ 1.32453144e+00 -1.79491472e+00]
  [ 5.58741856e+00 -7.89004469e+00]
  [ 6.72319794e+00 -1.07686567e+01]
  [ 1.61921234e+01 -2.83182659e+01]
  [ 1.66158161e+01 -3.04170780e+01]
  [ 1.62675743e+01 -2.75712662e+01]
  [ 1.53222504e+01 -2.27400093e+01]
  [ 8.48564148e-01 -5.03115058e-01]
  [-1.27872691e-01  9.79971707e-01]
  [-7.86182642e-01  1.48334289e+00]
  [ 2.82913733e+00 -2.23426437e+00]
  [ 1.92453671e+00 -1.32693243e+00]
  [ 7.98526883e-01 -1.39295030e+00]
  [-2.12709814e-01 -8.04569900e-01]
  [ 9.43931341e-01  3.58735234e-01]
  [ 5.86915493e-01 -1.70227838e+00]
  [ 4.08001041e+00 -5.44200373e+00]
  [-1.03178632e+00 -5.96445426e-02]
  [-1.37917721e+00  5.30430412e+00]
  [-6.15957975e-01  5.04559898e+00]
  [-1.24372923e+00  4.97945023e+00]
  [ 5.80491590e+00 -9.00000191e+00]
  [ 9.83510780e+00 -1.68731270e+01]
  [ 6.23982620e+00 -1.24690285e+01]
  [ 5.95024014e+00 -1.06560850e+01]
  [ 9.48501778e+00 -1.30942440e+01]]

 [[ 7.53244281e-01 -1.24289083e+00]
  [ 4.65941787e-01 -5.99055052e-01]
  [ 7.11516738e-01 -1.28687382e-01]
  [ 1.43737257e-01  3.97400737e-01]
  [ 1.61860526e-01 -1.58410072e-01]
  [ 9.69465375e-01 -1.30650282e+00]
  [ 2.76017857e+00 -4.11274862e+00]
  [ 3.70328784e+00 -4.98671627e+00]
  [ 4.56380320e+00 -5.92156315e+00]
  [ 4.16522217e+00 -5.12435341e+00]
  [ 3.50227505e-01 -8.16336274e-02]
  [ 4.74301189e-01 -3.68824601e-02]
  [ 6.73612022e+00 -8.76285458e+00]
  [ 9.07702255e+00 -1.18987522e+01]
  [ 5.14371538e+00 -7.51731682e+00]
  [ 4.67634821e+00 -7.90265083e+00]
  [ 2.58339357e+00 -4.97134924e+00]
  [ 1.27746725e+01 -1.63020611e+01]
  [ 2.69151974e+00 -3.30386829e+00]
  [ 6.56346321e+00 -7.91953659e+00]
  [ 1.44944715e+01 -1.99592762e+01]
  [ 1.82242823e+00 -2.70164537e+00]
  [-6.24991655e-02  1.78158998e+00]
  [-4.49446768e-01  6.55665100e-01]
  [-3.85956883e+00  2.42105198e+00]
  [-2.56058526e+00  4.27439928e+00]
  [-1.23572731e+01  1.52393913e+01]
  [-2.19727058e+01  1.89384651e+01]
  [-2.57056141e+01  1.60131798e+01]
  [-1.89672470e+01  9.99890137e+00]
  [-1.02351265e+01  8.95851517e+00]
  [ 1.33659315e+00 -3.03545386e-01]
  [ 4.48962593e+00 -6.00057554e+00]
  [ 5.64870834e+00 -7.15949249e+00]
  [-3.10274512e-01  8.99640024e-01]
  [ 6.58128858e-01  1.83688015e-01]
  [ 7.05643225e+00 -8.90823555e+00]
  [ 1.06404963e+01 -1.36516542e+01]
  [ 4.73420000e+00 -8.23072529e+00]
  [ 1.60066092e+00 -3.91963625e+00]
  [ 6.77670145e+00 -9.36112309e+00]
  [ 5.70955038e+00 -7.95645046e+00]
  [ 7.17906857e+00 -9.98108292e+00]
  [-3.04630369e-01  2.11838078e+00]
  [ 3.15529376e-01  1.66397977e+00]
  [-7.99143672e-01  2.79916215e+00]
  [-5.15845537e+00  8.40503597e+00]
  [-1.25610142e+01  6.84582567e+00]
  [-1.01488533e+01  4.74943542e+00]]

 [[ 9.19038057e-01 -1.46338487e+00]
  [ 6.02215528e-01 -8.07375669e-01]
  [ 6.58879757e-01 -2.63711751e-01]
  [ 6.26313463e-02  3.14746737e-01]
  [ 2.13971600e-01 -2.50442803e-01]
  [ 1.08143353e+00 -1.46588254e+00]
  [ 3.03279901e+00 -4.45709944e+00]
  [ 4.07281208e+00 -5.31412125e+00]
  [ 4.95050859e+00 -6.29050732e+00]
  [ 4.68566322e+00 -5.75177956e+00]
  [ 4.35607105e-01 -3.08945954e-01]
  [ 4.30839449e-01 -1.38026834e-01]
  [ 7.05053663e+00 -9.19507122e+00]
  [ 9.42547989e+00 -1.22982922e+01]
  [ 5.39283419e+00 -7.77678108e+00]
  [ 5.02081871e+00 -8.26716137e+00]
  [ 2.89964128e+00 -5.35785484e+00]
  [ 1.45714178e+01 -1.82547112e+01]
  [ 2.99153447e+00 -3.66965055e+00]
  [ 7.39265013e+00 -8.91095066e+00]
  [ 1.66699638e+01 -2.22463951e+01]
  [ 1.90162516e+00 -2.77783775e+00]
  [-2.37885028e-01  1.62468219e+00]
  [-4.61739630e-01  6.51952505e-01]
  [-2.11868501e+00  3.20187664e+00]
  [-5.58531809e+00  3.99405313e+00]
  [-1.70532608e+01  1.59996262e+01]
  [-1.72790432e+01  2.28456669e+01]
  [-1.12851057e+01  2.22765942e+01]
  [-6.45626593e+00  1.48447876e+01]
  [-7.96464920e+00  1.07689743e+01]
  [ 1.20113254e+00 -4.73224640e-01]
  [ 4.89130783e+00 -6.35401726e+00]
  [ 6.05457354e+00 -7.51632214e+00]
  [-1.87651753e-01  6.42871320e-01]
  [ 4.08134729e-01  2.27106631e-01]
  [ 7.34675360e+00 -9.36042976e+00]
  [ 1.10194941e+01 -1.40733633e+01]
  [ 5.10227966e+00 -8.61312199e+00]
  [ 1.89716697e+00 -4.30900621e+00]
  [ 7.88403940e+00 -1.04226837e+01]
  [ 6.72711134e+00 -8.94658279e+00]
  [ 8.28250790e+00 -1.10384274e+01]
  [-5.09865880e-01  1.93787360e+00]
  [ 1.47509545e-01  1.48690963e+00]
  [-4.27041340e+00  2.16152644e+00]
  [-1.03501186e+01  8.13712311e+00]
  [-3.78254294e+00  1.03739548e+01]
  [-2.84252167e+00  7.41681099e+00]]

 [[ 6.48951977e-02 -4.51610565e-01]
  [-2.59604603e-02 -2.34760016e-01]
  [ 4.42374349e-02 -4.63261530e-02]
  [-3.58483762e-01  1.11215281e+00]
  [-1.90462196e+00  1.58601046e+00]
  [ 8.22214603e-01 -1.31863236e+00]
  [ 2.33302379e+00 -3.27862048e+00]
  [ 3.35975718e+00 -4.50108957e+00]
  [ 4.30317783e+00 -5.36224842e+00]
  [ 2.06945086e+00 -2.52841377e+00]
  [ 4.02549624e-01 -4.24175322e-01]
  [ 5.15526772e-01 -5.27157605e-01]
  [ 6.05318546e+00 -7.68518066e+00]
  [ 9.08015442e+00 -1.15738859e+01]
  [ 8.67467690e+00 -1.18269625e+01]
  [ 5.23520517e+00 -8.07007790e+00]
  [ 2.59300900e+00 -4.35756540e+00]
  [ 9.71508026e+00 -1.32103167e+01]
  [ 3.69204021e+00 -4.50780582e+00]
  [ 4.52646780e+00 -5.53086901e+00]
  [ 2.56490159e+00 -2.89594603e+00]
  [ 3.00244689e+00 -4.13931131e+00]
  [ 1.49696517e+00  2.30334568e+00]
  [ 8.37308526e-01  3.63281918e+00]
  [-1.18421757e+00  3.51852107e+00]
  [-1.45701933e+00  2.02605748e+00]
  [ 6.36005163e-01 -2.04386145e-01]
  [-3.44332814e-01 -1.74724743e-01]
  [-2.37568903e+00  1.66018844e+00]
  [-1.89040554e+00  1.72917628e+00]
  [ 4.05457926e+00 -5.39495516e+00]
  [ 5.54498768e+00 -6.68264914e+00]
  [-8.20831358e-02  3.27083886e-01]
  [ 7.98061132e-01 -7.22417891e-01]
  [ 6.04032278e+00 -7.69812107e+00]
  [ 1.01688147e+01 -1.27382822e+01]
  [ 4.90166330e+00 -8.01255703e+00]
  [ 1.62880385e+00 -3.29707766e+00]
  [ 2.43457723e+00 -3.34374189e+00]
  [ 1.46853471e+00 -1.95366454e+00]
  [ 2.70927119e+00 -3.96893144e+00]
  [ 1.37344265e+00  1.90062618e+00]
  [ 1.96442032e+00  1.92853880e+00]
  [ 5.79555392e-01  3.23199296e+00]
  [ 1.33412147e+00  3.29951310e+00]
  [-1.61297333e+00  3.19322944e+00]
  [-9.84891057e-01  3.14347219e+00]
  [-9.55215812e-01  1.50213504e+00]
  [-1.90299237e+00  1.69628835e+00]]]
pred: [0 0 0 0]
pred[0].item(): 0
adj: %0 = multiply(meta[relay.Constant][1], meta[relay.Constant][2]);
multiply(meta[relay.Constant][0], %0)

OK3
OK4
OK5
OK6
OK7
OK3
OK4
OK5
OK6
OK7
OK1
OK2
OK3
OK4
min time is 1.430511474609375e-06
max time is 7.152557373046875e-06
median time is 1.9073486328125e-06
logits_tvm: [[[ 3.00475240e-01 -3.10142249e-01]
  [ 1.64841890e-01  2.35066488e-02]
  [ 3.00937533e-01  2.38708317e-01]
  [-5.24722576e-01  2.93789744e+00]
  [-6.72121525e-01  1.16824293e+00]
  [ 8.20670247e-01 -9.61307585e-01]
  [ 1.82612300e+00 -2.70714259e+00]
  [ 3.03278852e+00 -4.03129292e+00]
  [ 3.37343311e+00 -4.48847771e+00]
  [ 3.25960135e+00 -3.84494352e+00]
  [ 4.06833380e-01 -4.76349592e-01]
  [ 1.36167645e-01 -6.89507872e-02]
  [ 1.86242449e+00 -3.62842011e+00]
  [ 3.91433692e+00 -6.70666409e+00]
  [ 4.55456877e+00 -6.53583193e+00]
  [ 7.96078634e+00 -1.02513638e+01]
  [ 5.32246733e+00 -6.81503963e+00]
  [ 8.35475922e+00 -1.00534639e+01]
  [ 1.97697115e+00 -2.27657652e+00]
  [ 4.64077997e+00 -5.17093039e+00]
  [ 8.69071674e+00 -1.15855179e+01]
  [ 1.62608016e+00 -2.37096643e+00]
  [-2.39377284e+00  2.92877555e+00]
  [-3.52848601e+00  1.10344076e+01]
  [-9.10673714e+00  9.76214600e+00]
  [-1.08997431e+01  6.15247440e+00]
  [-5.99784613e+00  4.06566477e+00]
  [ 2.76391029e-01 -7.86266774e-02]
  [ 3.45875168e+00 -4.64373159e+00]
  [ 2.21451902e+00 -2.89771152e+00]
  [ 7.77260959e-03  2.90387124e-03]
  [ 2.08863497e-01 -1.55250371e-01]
  [ 1.00965643e+00 -2.62167883e+00]
  [ 4.01412344e+00 -7.12845850e+00]
  [ 9.54548740e+00 -1.19861631e+01]
  [ 5.31740093e+00 -6.74386024e+00]
  [ 3.86018324e+00 -5.18305874e+00]
  [ 2.99003625e+00 -3.89780641e+00]
  [ 4.00484848e+00 -5.73720551e+00]
  [-2.05998945e+00  2.24489021e+00]
  [-1.67929149e+00  2.49052334e+00]
  [-2.30912256e+00  2.60908484e+00]
  [-1.11088359e+00  6.24252319e+00]
  [-4.92554814e-01  5.76816940e+00]
  [-5.73398399e+00  2.59569764e+00]
  [-4.73425913e+00  2.42225242e+00]
  [-5.42049313e+00  2.34522271e+00]
  [-4.51280117e+00  2.53644729e+00]
  [-4.17167425e+00  2.33287668e+00]
  [-4.13113403e+00  2.87570500e+00]]

 [[ 4.22564119e-01 -6.24082446e-01]
  [ 7.56823897e-01 -1.24220157e+00]
  [ 1.74299687e-01 -1.78618819e-01]
  [-7.52575099e-02  4.45195436e-01]
  [ 1.54703081e-01 -3.72090787e-02]
  [ 2.77828383e+00 -4.16597843e+00]
  [ 9.73164558e-01 -1.25079489e+00]
  [ 2.76012373e+00 -4.66917753e+00]
  [ 5.33442926e+00 -8.36508846e+00]
  [ 9.35003471e+00 -1.30545311e+01]
  [ 9.60177326e+00 -1.25014696e+01]
  [ 6.59865379e+00 -8.71578121e+00]
  [ 3.91869277e-01 -5.99907041e-02]
  [ 2.32080489e-01 -1.52486563e-03]
  [ 2.18751645e+00 -2.70911837e+00]
  [ 4.55721378e+00 -5.66978550e+00]
  [ 3.80346441e+00 -4.85376740e+00]
  [ 1.00183325e+01 -1.38961468e+01]
  [ 3.86274934e+00 -4.90103817e+00]
  [ 4.72001028e+00 -5.90003252e+00]
  [ 2.71476603e+00 -3.30641818e+00]
  [ 3.02840543e+00 -4.35667562e+00]
  [-2.57289052e+00  3.82318640e+00]
  [-1.37652359e+01  1.49017105e+01]
  [-1.63848209e+01  1.78750134e+01]
  [-1.53537874e+01  1.30530281e+01]
  [-5.86768055e+00  4.95193434e+00]
  [-4.62248230e+00  7.59616899e+00]
  [-7.02792692e+00  1.66057339e+01]
  [-6.62496853e+00  1.28262110e+01]
  [ 6.24562860e-01 -1.23089504e+00]
  [ 1.63073778e+00 -2.67087388e+00]
  [ 1.06984034e+01 -1.35992212e+01]
  [ 6.77682352e+00 -8.81772995e+00]
  [ 4.06995058e-01  1.89968407e-01]
  [-2.70681888e-01  8.10814261e-01]
  [ 5.75611687e+00 -7.01101208e+00]
  [ 4.56195927e+00 -5.81105518e+00]
  [ 2.43343353e+00 -3.49566674e+00]
  [ 1.49172437e+00 -2.11589289e+00]
  [ 2.68872666e+00 -4.07607317e+00]
  [-4.26454842e-03  1.74953628e+00]
  [-7.18281150e-01  1.32910180e+00]
  [-7.10405684e+00  6.95485544e+00]
  [-6.51142168e+00  7.20154095e+00]
  [-9.45494556e+00  6.86056900e+00]
  [-4.53255081e+00  3.40216446e+00]
  [-3.80629945e+00  5.13718939e+00]
  [-4.15312910e+00  1.12952585e+01]
  [-2.10865831e+00  6.25561333e+00]]

 [[ 8.45093060e+00 -1.20701122e+01]
  [ 4.97316122e+00 -8.23748589e+00]
  [ 2.44520950e+00 -4.67896271e+00]
  [ 2.50657821e+00 -3.71455050e+00]
  [ 6.45062065e+00 -8.29270363e+00]
  [ 9.26957989e+00 -1.20349941e+01]
  [ 5.71567774e-01 -8.50022316e-01]
  [ 3.48289013e-01 -3.13386410e-01]
  [ 3.12764615e-01  1.83326513e-01]
  [ 8.19897130e-02  7.19351888e-01]
  [-4.63359922e-01  7.42681980e-01]
  [ 9.96898651e-01 -1.19457126e+00]
  [ 3.45558691e+00 -4.59864235e+00]
  [ 4.14288712e+00 -5.34887600e+00]
  [ 1.83566260e+00 -2.33469629e+00]
  [ 2.60585129e-01  8.14579129e-02]
  [ 5.19503713e-01 -5.59230447e-02]
  [ 9.37378025e+00 -1.34160547e+01]
  [ 3.25114536e+00 -4.27675867e+00]
  [ 4.18825388e+00 -5.34862566e+00]
  [ 2.15181375e+00 -2.69558954e+00]
  [ 2.44194794e+00 -3.92143369e+00]
  [-2.20861459e+00  2.61988616e+00]
  [-1.68082774e+00  1.82038569e+00]
  [-1.55119455e+00  2.45413566e+00]
  [-2.36001849e+00  2.42786574e+00]
  [ 6.12333640e-02  1.81921244e+00]
  [-1.78285003e+00  1.49712920e+00]
  [-2.41480160e+00  1.38640237e+00]
  [-1.85140109e+00  1.30103779e+00]
  [-3.53668118e+00  3.02555776e+00]
  [-3.73308992e+00  2.25184846e+00]
  [ 4.65452290e+00 -8.07986450e+00]
  [ 1.46769011e+00 -3.62455821e+00]
  [ 6.68671370e+00 -8.39438629e+00]
  [ 1.04522533e+01 -1.32227154e+01]
  [ 4.20941448e+00 -5.59369183e+00]
  [ 5.30736065e+00 -6.69763947e+00]
  [-2.47827590e-01  8.89378309e-01]
  [ 8.41758251e-01 -6.49878979e-02]
  [ 1.93085432e+00 -3.13454151e+00]
  [ 1.04384112e+00 -1.84704709e+00]
  [ 2.27559328e+00 -3.76997519e+00]
  [ 2.02439129e-01  1.97606802e+00]
  [ 6.68250561e-01  1.38126636e+00]
  [-3.18775320e+00  2.38299465e+00]
  [-2.62235713e+00  2.69462705e+00]
  [-2.17303538e+00  2.12729049e+00]
  [-3.17984557e+00  1.51437092e+00]
  [-3.63249540e+00  2.09256315e+00]]]
pred: [0 0 0]
pred[0].item(): 0
adj: %0 = multiply(meta[relay.Constant][1], meta[relay.Constant][2]);
multiply(meta[relay.Constant][0], %0)

OK3
OK4
OK5
OK6
OK7
OK3
OK4
OK5
OK6
OK7
OK1
OK2
OK3
OK4
min time is 1.430511474609375e-06
max time is 2.288818359375e-05
median time is 1.9073486328125e-06
logits_tvm: [[[ 4.52548057e-01 -7.95944989e-01]
  [ 2.59932041e-01 -4.66547251e-01]
  [ 5.05059838e-01 -4.76052076e-01]
  [ 9.37055051e-03  2.55204797e-01]
  [-5.96184731e-01  6.01656616e-01]
  [ 9.08872366e-01 -1.28000569e+00]
  [ 2.30621243e+00 -3.41605687e+00]
  [ 3.95724416e+00 -4.99329853e+00]
  [ 6.19160795e+00 -7.57998610e+00]
  [ 4.67551565e+00 -5.24559116e+00]
  [ 4.36141074e-01 -3.05530190e-01]
  [ 4.89540488e-01 -2.31297374e-01]
  [ 2.31107879e+00 -4.30996275e+00]
  [ 4.54992104e+00 -7.29383278e+00]
  [ 4.98049545e+00 -6.99674225e+00]
  [ 8.50385952e+00 -1.10515509e+01]
  [ 6.03078794e+00 -7.85080671e+00]
  [ 1.24287643e+01 -1.36120863e+01]
  [ 2.69662523e+00 -2.99437857e+00]
  [ 6.68551111e+00 -7.09311104e+00]
  [ 1.33116617e+01 -1.52647524e+01]
  [ 1.77431631e+00 -2.50757051e+00]
  [-2.29929328e+00  2.05960822e+00]
  [-1.43626422e-01  7.10793555e-01]
  [ 9.44873244e-02  1.48742244e-01]
  [-1.44468486e+00  3.77086926e+00]
  [-2.18266702e+00  3.03913355e+00]
  [-3.10811067e+00  4.14766645e+00]
  [-3.06970000e+00  4.83624458e+00]
  [-2.60522532e+00  6.05168247e+00]
  [-3.07291007e+00  9.45578098e+00]
  [ 8.99119735e-01 -8.24808300e-01]
  [ 4.14250278e+00 -5.25540876e+00]
  [ 6.53850889e+00 -7.83348608e+00]
  [-2.51043737e-01  6.95239425e-01]
  [ 7.47219443e-01 -3.43752682e-01]
  [ 1.27517509e+00 -3.26111054e+00]
  [ 4.69639635e+00 -7.71456909e+00]
  [ 1.00500698e+01 -1.28159952e+01]
  [ 6.09833574e+00 -7.90897465e+00]
  [ 6.09401035e+00 -6.79224443e+00]
  [ 5.15252972e+00 -5.39881039e+00]
  [ 6.18459082e+00 -7.35823488e+00]
  [-2.54268980e+00  2.11276269e+00]
  [-1.65651965e+00  1.25552893e+00]
  [-1.84530556e+00  1.95487761e+00]
  [-2.22508621e+00  2.76285529e+00]
  [-3.45220804e+00  4.32592249e+00]
  [-3.35365200e+00  5.11363983e+00]
  [-2.07356620e+00  4.45005989e+00]
  [-1.80918801e+00  6.69154119e+00]]

 [[ 1.62303314e-01 -5.51637173e-01]
  [ 9.82917845e-03 -2.73386538e-01]
  [-1.44965112e-01  1.87986523e-01]
  [-7.16530085e-01  1.60098457e+00]
  [-9.17078495e-01  8.76575708e-01]
  [ 9.52842474e-01 -1.45016646e+00]
  [ 2.55995393e+00 -3.55581164e+00]
  [ 4.31999826e+00 -5.53309822e+00]
  [ 6.81277847e+00 -8.22990704e+00]
  [ 5.17929983e+00 -5.92238855e+00]
  [ 5.67516088e-01 -6.28830254e-01]
  [ 4.90658432e-01 -5.18941879e-01]
  [ 6.38163567e+00 -8.07084274e+00]
  [ 8.93951511e+00 -1.13517351e+01]
  [ 5.31394911e+00 -7.27009344e+00]
  [ 5.05153084e+00 -7.83404016e+00]
  [ 2.85064983e+00 -4.70553446e+00]
  [ 1.40424109e+01 -1.62678108e+01]
  [ 2.92813849e+00 -3.34921598e+00]
  [ 7.23977757e+00 -7.96683168e+00]
  [ 1.58451653e+01 -1.95619431e+01]
  [ 1.89383185e+00 -2.57570076e+00]
  [ 3.91598511e+00  2.26922417e+00]
  [ 1.49610221e+00  2.25898504e+00]
  [-4.76802349e+00  5.09596825e+00]
  [-2.52553678e+00  3.01220751e+00]
  [ 1.12845264e-01 -7.73473680e-02]
  [-1.04819983e-03 -8.14531296e-02]
  [-5.40372849e-01  4.19507027e-01]
  [-5.07449389e-01  4.19521391e-01]
  [ 4.46641874e+00 -5.82484055e+00]
  [ 7.19847631e+00 -8.41763020e+00]
  [-1.01908177e-01  3.85792315e-01]
  [ 6.87652826e-01 -6.35897994e-01]
  [ 6.39131165e+00 -8.10688114e+00]
  [ 1.04701500e+01 -1.31061077e+01]
  [ 5.16116762e+00 -8.37023067e+00]
  [ 1.87239373e+00 -3.64333820e+00]
  [ 7.34955597e+00 -9.06344986e+00]
  [ 6.31639957e+00 -7.58019495e+00]
  [ 7.73951292e+00 -9.69874763e+00]
  [ 3.21016407e+00  1.79732609e+00]
  [ 3.41824841e+00  2.00411844e+00]
  [ 3.34623718e+00  1.40293074e+00]
  [ 1.18577170e+00  2.24157214e+00]
  [ 1.25007963e+00  1.74850631e+00]
  [-3.60934258e+00  3.74543643e+00]
  [-3.95543528e+00  3.68077660e+00]
  [-3.15340853e+00  3.90886188e+00]
  [-1.19697785e+00  1.99920368e+00]
  [-2.00293922e+00  1.81361294e+00]]

 [[ 7.14308739e+00 -8.18554020e+00]
  [ 1.62686729e+00 -1.75457120e+00]
  [ 8.16460252e-01 -1.01693010e+00]
  [ 1.96150768e+00 -2.67753792e+00]
  [ 5.67945004e+00 -6.92224932e+00]
  [ 6.72624779e+00 -7.90597820e+00]
  [ 1.02226245e+00 -1.79079866e+00]
  [ 5.39150906e+00 -7.27678013e+00]
  [ 1.21969738e+01 -1.55836830e+01]
  [ 1.20053492e+01 -1.52626133e+01]
  [ 6.64754915e+00 -8.95732784e+00]
  [ 6.75721741e+00 -9.90875912e+00]
  [ 4.65919018e+00 -7.11079645e+00]
  [ 1.76809633e+00 -2.67889833e+00]
  [ 7.81616122e-02 -5.34787059e-01]
  [-2.87588656e-01 -1.36364937e-01]
  [ 3.03109556e-01 -9.84692514e-01]
  [ 2.01368198e+01 -2.34370480e+01]
  [ 4.36646461e+00 -5.00926208e+00]
  [ 1.13496885e+01 -1.26570797e+01]
  [ 1.98975601e+01 -2.35709572e+01]
  [ 2.28904891e+00 -3.10430193e+00]
  [-8.90814185e-01  4.17398989e-01]
  [-2.55939513e-01  6.82222664e-01]
  [-6.03278756e-01  3.03508782e+00]
  [-8.91447067e-01  5.57895327e+00]
  [ 2.05510378e+00  4.08477640e+00]
  [ 2.07493091e+00  5.00040960e+00]
  [ 4.44182903e-01  5.73220158e+00]
  [-2.19026089e+00  7.81427717e+00]
  [-4.71968460e+00  1.28613262e+01]
  [ 1.04188240e+00 -8.48856032e-01]
  [ 2.14672402e-01 -1.45467758e-01]
  [ 6.61911678e+00 -7.95322227e+00]
  [ 7.93279934e+00 -9.07050610e+00]
  [ 1.09598255e+01 -1.39736795e+01]
  [ 1.25953674e+01 -1.58334808e+01]
  [ 6.87280703e+00 -1.03430901e+01]
  [ 3.56753540e+00 -5.96114111e+00]
  [-2.82749236e-02 -5.11530757e-01]
  [ 1.00680456e+01 -1.22296295e+01]
  [ 8.66283035e+00 -1.04560356e+01]
  [-3.94327521e-01  2.58682162e-01]
  [-1.39934814e+00  5.54910660e-01]
  [-3.70482057e-02  2.26941943e+00]
  [-1.11201882e+00  2.46002173e+00]
  [ 2.79530334e+00  3.86846972e+00]
  [ 2.48342991e+00  5.10506678e+00]
  [ 5.34289002e-01  5.88210058e+00]
  [-1.81801498e+00  5.72581959e+00]
  [-4.06326437e+00  9.21272469e+00]]

 [[ 9.24866962e+00 -1.31454859e+01]
  [ 5.77203560e+00 -9.31597996e+00]
  [ 3.17142773e+00 -5.73841524e+00]
  [ 3.18181038e+00 -4.65384912e+00]
  [ 7.27567911e+00 -9.43434334e+00]
  [ 1.00887442e+01 -1.31602392e+01]
  [ 7.92093754e-01 -1.35703063e+00]
  [ 5.40489912e-01 -7.98546791e-01]
  [ 2.05132201e-01  4.30655628e-02]
  [-6.43843710e-02  6.88698053e-01]
  [-4.07727391e-01  4.80513275e-01]
  [ 1.08716702e+00 -1.54897070e+00]
  [ 4.13401031e+00 -5.51964855e+00]
  [ 4.85266447e+00 -6.26302910e+00]
  [ 2.30515170e+00 -2.99812245e+00]
  [ 2.92273521e-01 -1.32176459e-01]
  [ 4.17209923e-01 -1.49901569e-01]
  [ 1.01758804e+01 -1.44647770e+01]
  [ 4.01323605e+00 -5.25817585e+00]
  [ 4.87769032e+00 -6.12018013e+00]
  [ 2.63497543e+00 -3.41448259e+00]
  [ 3.49799395e+00 -5.45378351e+00]
  [-1.70729011e-01  1.73295474e+00]
  [-2.06825924e+00  1.43757701e+00]
  [-1.63190246e+00  1.45170593e+00]
  [-3.12182283e+00  2.91848373e+00]
  [-3.31377053e+00  3.54068375e+00]
  [-2.25117970e+00  2.97050786e+00]
  [-1.08015752e+00  1.84802103e+00]
  [-8.83607507e-01  1.22205210e+00]
  [ 5.46982574e+00 -9.16525650e+00]
  [ 2.18520856e+00 -4.69101095e+00]
  [ 7.59362411e+00 -9.58223915e+00]
  [ 1.12438068e+01 -1.43538637e+01]
  [-1.11469901e+00  1.22168970e+00]
  [ 4.97797489e+00 -6.57194424e+00]
  [ 6.09153891e+00 -7.67819357e+00]
  [-1.86192006e-01  6.33946240e-01]
  [ 3.78237844e-01  2.90628701e-01]
  [ 2.85477972e+00 -4.40997887e+00]
  [ 1.75439012e+00 -3.04229760e+00]
  [ 3.32741332e+00 -5.10529327e+00]
  [-1.10233635e-01  1.91192842e+00]
  [ 5.05580306e-01  1.39193559e+00]
  [-1.80257678e+00  8.37191522e-01]
  [-2.42598009e+00  1.33400750e+00]
  [-3.57012486e+00  3.18729711e+00]
  [-3.70960069e+00  3.92070508e+00]
  [-2.28793526e+00  3.15806055e+00]
  [-7.20130444e-01  1.65536833e+00]
  [-5.70189714e-01  9.13400948e-01]]]
pred: [0 0 0 0]
pred[0].item(): 0
adj: %0 = multiply(meta[relay.Constant][1], meta[relay.Constant][2]);
multiply(meta[relay.Constant][0], %0)

OK3
OK4
OK5
OK6
OK7
OK3
OK4
OK5
OK6
OK7
OK1
OK2
OK3
OK4
min time is 1.6689300537109375e-06
max time is 7.152557373046875e-06
median time is 1.9073486328125e-06
logits_tvm: [[[ 7.78268933e-01 -1.27985191e+00]
  [ 6.40455484e-01 -8.09534132e-01]
  [ 5.45718968e-01 -3.59159023e-01]
  [ 1.98554024e-01  9.39205289e-02]
  [ 1.98669493e-01 -2.49850869e-01]
  [ 7.99322605e-01 -1.07084846e+00]
  [ 2.84533477e+00 -4.25990152e+00]
  [ 2.27488780e+00 -3.01708150e+00]
  [ 4.63934517e+00 -5.71851587e+00]
  [ 4.67707920e+00 -5.47234106e+00]
  [ 4.12859499e-01 -2.51162112e-01]
  [ 3.76356423e-01 -1.12312675e-01]
  [ 6.77854967e+00 -8.95663261e+00]
  [ 9.26605415e+00 -1.20567131e+01]
  [ 5.63995695e+00 -8.02254772e+00]
  [ 4.94929934e+00 -8.00267315e+00]
  [ 2.72952843e+00 -5.04641628e+00]
  [ 1.44414492e+01 -1.69063320e+01]
  [ 3.02476621e+00 -3.52006388e+00]
  [ 7.50796366e+00 -8.46833801e+00]
  [ 1.64135284e+01 -2.02255383e+01]
  [ 2.49284339e+00 -3.59771323e+00]
  [-1.77640319e-01  6.32863104e-01]
  [ 5.93154691e-02  1.18043050e-01]
  [-6.23474360e-01  1.13449526e+00]
  [-1.56280863e+00  2.37318850e+00]
  [-8.87298584e+00  6.26188278e+00]
  [-6.09691668e+00  4.60672951e+00]
  [-1.73242033e+00  8.29382610e+00]
  [-1.31033647e+00  6.06592989e+00]
  [ 4.65387315e-01 -3.67849171e-01]
  [ 1.10685825e+00 -1.51074171e+00]
  [ 5.91830969e+00 -7.11236143e+00]
  [-1.97912246e-01  7.13140488e-01]
  [ 3.23217809e-01  1.77301764e-01]
  [ 6.99636698e+00 -9.14632416e+00]
  [ 1.07837477e+01 -1.36926403e+01]
  [ 4.95135403e+00 -8.23974037e+00]
  [ 1.72169518e+00 -3.96646786e+00]
  [ 7.59462309e+00 -9.28416157e+00]
  [ 6.57028532e+00 -7.80959749e+00]
  [ 7.91069317e+00 -9.89695549e+00]
  [-6.85887289e+00  4.42822695e+00]
  [-6.20453691e+00  4.27953386e+00]
  [-6.24432230e+00  4.79369402e+00]
  [-4.49964571e+00  3.57201123e+00]
  [-4.51192093e+00  3.06827092e+00]
  [-8.82533789e-01  6.19490004e+00]
  [-9.18794274e-01  5.70862913e+00]
  [-1.89079583e+00  5.96476412e+00]
  [-1.30735719e+00  4.55539703e+00]
  [-2.57581323e-01  4.44290352e+00]]

 [[ 7.07727969e-02 -5.94448149e-01]
  [ 1.15653336e-01 -4.81252581e-01]
  [-1.65199339e-01  4.78284806e-02]
  [-7.68812418e-01  1.69035697e+00]
  [-1.36152840e+00  1.16418242e+00]
  [ 7.50241041e-01 -1.29175949e+00]
  [ 2.75812531e+00 -3.87011790e+00]
  [ 2.21909523e+00 -3.07830763e+00]
  [ 4.60240841e+00 -5.66347504e+00]
  [ 2.39778423e+00 -2.89687395e+00]
  [ 4.55516756e-01 -4.49320972e-01]
  [ 4.36923355e-01 -5.25523603e-01]
  [ 6.71274662e+00 -8.52254868e+00]
  [ 9.58745861e+00 -1.23104467e+01]
  [ 9.16077805e+00 -1.24739685e+01]
  [ 5.70174408e+00 -8.74653149e+00]
  [ 3.03950334e+00 -5.05997562e+00]
  [ 1.02078295e+01 -1.38093624e+01]
  [ 4.37834692e+00 -5.36244059e+00]
  [ 5.01404905e+00 -6.06629753e+00]
  [ 2.97897243e+00 -3.42392349e+00]
  [ 4.40254402e+00 -6.01394892e+00]
  [ 1.84639251e+00  2.70104098e+00]
  [ 1.15597343e+00  4.31153202e+00]
  [ 3.45693231e-01  7.34488869e+00]
  [-2.05708814e+00  4.20729780e+00]
  [-2.13886476e+00  2.35171962e+00]
  [ 1.17526621e-01 -1.52792841e-01]
  [ 6.55306131e-03 -1.53838530e-01]
  [-7.58179426e-01  5.67283213e-01]
  [-7.36794591e-01  5.67641258e-01]
  [ 1.06116390e+00 -1.52797198e+00]
  [ 6.09223890e+00 -7.22004318e+00]
  [ 7.34946132e-03  3.59831810e-01]
  [ 4.76440847e-01 -4.94705528e-01]
  [ 6.80275488e+00 -8.61407280e+00]
  [ 1.06574497e+01 -1.34689455e+01]
  [ 5.37759495e+00 -8.66123390e+00]
  [ 2.03016973e+00 -3.99381042e+00]
  [ 3.26073003e+00 -4.47320604e+00]
  [ 2.25086951e+00 -3.02437210e+00]
  [ 3.62069559e+00 -5.11438370e+00]
  [ 1.68806303e+00  1.89206004e+00]
  [ 2.20042229e+00  2.02614474e+00]
  [ 4.59987730e-01  2.95596695e+00]
  [ 1.23000348e+00  3.03777480e+00]
  [ 3.17561060e-01  5.64343023e+00]
  [ 8.92324328e-01  5.22620392e+00]
  [-2.24273634e+00  2.98263836e+00]
  [-2.06626773e+00  2.91066337e+00]
  [-1.25714135e+00  1.55908823e+00]
  [-2.18417144e+00  1.64604664e+00]]

 [[-5.25020063e-03 -4.21521485e-01]
  [ 2.45466202e-01 -8.01508605e-01]
  [-3.81722182e-01  1.36485189e-01]
  [-4.40264851e-01  2.55131721e-01]
  [-1.04694992e-01 -2.80683875e-01]
  [ 2.03712010e+00 -3.08280611e+00]
  [ 6.15348816e-01 -1.22943306e+00]
  [ 2.11520934e+00 -3.92706013e+00]
  [ 4.55071402e+00 -7.12484741e+00]
  [ 6.65243101e+00 -9.06044960e+00]
  [ 8.34982681e+00 -1.08733902e+01]
  [ 5.59150362e+00 -7.36077881e+00]
  [ 4.29139167e-01 -3.59659255e-01]
  [ 4.14665699e-01 -2.41521657e-01]
  [ 1.96294963e+00 -2.22495008e+00]
  [ 3.75755525e+00 -4.87746954e+00]
  [ 2.78106189e+00 -4.03632450e+00]
  [ 9.72106171e+00 -1.24816475e+01]
  [ 3.72162914e+00 -4.06507492e+00]
  [ 4.48894978e+00 -5.12493992e+00]
  [ 2.76769900e+00 -2.60075068e+00]
  [ 2.57390952e+00 -2.96757030e+00]
  [-1.03159606e+00  1.22238970e+00]
  [-2.30409765e+00  2.72484994e+00]
  [ 8.88249397e+00 -1.15221128e+01]
  [ 1.81270599e+01 -2.29677181e+01]
  [-4.83763963e-01  2.60827112e+00]
  [ 5.92810869e-01  3.73899961e+00]
  [ 1.73643506e+00  4.67124414e+00]
  [ 1.33129799e+00  4.64848804e+00]
  [ 2.58739680e-01  3.96553969e+00]
  [-3.70983094e-01  3.22744417e+00]
  [ 1.11127365e+00 -2.88729644e+00]
  [ 4.50479364e+00 -7.32296848e+00]
  [ 5.58969116e+00 -7.35137272e+00]
  [ 6.71257257e-01 -5.97440958e-01]
  [ 5.56856394e-04  4.57613289e-01]
  [ 4.87474060e+00 -6.15354347e+00]
  [ 3.35548592e+00 -4.90642834e+00]
  [ 2.53419852e+00 -3.25179029e+00]
  [ 1.52376807e+00 -1.59428930e+00]
  [-7.77350307e-01  1.08771658e+00]
  [-2.41471028e+00  2.47494674e+00]
  [-2.52890778e+00  2.42151618e+00]
  [ 1.50355816e+01 -1.90814209e+01]
  [ 1.43237066e+01 -1.80405674e+01]
  [ 1.51518507e+01 -1.88098698e+01]
  [ 4.04338211e-01  3.71944022e+00]
  [ 2.31289077e+00  4.96058989e+00]
  [ 1.48126721e+00  4.85243750e+00]
  [ 6.06905520e-02  3.93724275e+00]
  [-6.04498744e-01  3.13352752e+00]]]
pred: [0 0 0]
pred[0].item(): 0
adj: %0 = multiply(meta[relay.Constant][1], meta[relay.Constant][2]);
multiply(meta[relay.Constant][0], %0)

OK3
OK4
OK5
OK6
OK7
OK3
OK4
OK5
OK6
OK7
OK1
OK2
OK3
OK4
min time is 1.430511474609375e-06
max time is 6.67572021484375e-06
median time is 1.9073486328125e-06
logits_tvm: [[[ 6.5611267e-01 -1.1233416e+00]
  [ 6.3935900e-01 -7.5375962e-01]
  [ 9.1768181e-01 -3.5965335e-01]
  [ 1.4456744e-01  5.8855879e-01]
  [-4.0957668e-01  6.2844056e-01]
  [ 1.0497134e+00 -1.3909926e+00]
  [ 2.9061995e+00 -4.3449187e+00]
  [ 4.0163016e+00 -5.2468987e+00]
  [ 4.8987708e+00 -6.2559400e+00]
  [ 4.6069665e+00 -5.6909847e+00]
  [ 4.3135172e-01 -3.1019360e-01]
  [ 4.0179583e-01 -1.2921309e-01]
  [ 2.9384108e+00 -5.3853645e+00]
  [ 5.2081566e+00 -8.3708553e+00]
  [ 5.4371524e+00 -7.7630897e+00]
  [ 9.3797989e+00 -1.2194284e+01]
  [ 6.8803201e+00 -9.0310993e+00]
  [ 1.3866788e+01 -1.7671387e+01]
  [ 2.9279900e+00 -3.6187987e+00]
  [ 7.2707152e+00 -8.8401537e+00]
  [ 1.5313186e+01 -2.0942368e+01]
  [ 1.9007064e+00 -2.7511160e+00]
  [-1.6047704e+00  1.7524929e+00]
  [ 2.7600384e-01  1.6437747e+00]
  [-3.4836468e-01  6.6904855e-01]
  [-1.4941965e+00  1.5033102e+00]
  [-8.0093145e-01  2.6798966e+00]
  [-1.4681163e+00  3.3597972e+00]
  [-3.3791876e+00  3.4297698e+00]
  [-4.5702429e+00  2.8249352e+00]
  [-3.9189620e+00  2.1161542e+00]
  [-3.6316946e+00  3.6901221e+00]
  [ 1.2180152e+00 -7.0958275e-01]
  [ 4.7970324e+00 -6.2486181e+00]
  [ 5.9950485e+00 -7.4913411e+00]
  [-1.6344523e-01  6.2511784e-01]
  [ 3.3641285e-01  2.4466482e-01]
  [ 1.9396515e+00 -4.3340354e+00]
  [ 5.4005132e+00 -8.8337307e+00]
  [ 1.1000566e+01 -1.4000731e+01]
  [ 7.1191683e+00 -9.1359301e+00]
  [ 7.0672712e+00 -9.6761475e+00]
  [ 6.0025716e+00 -8.2542133e+00]
  [ 7.4510674e+00 -1.0270211e+01]
  [-1.8279512e+00  1.9747651e+00]
  [-8.2548141e-01  6.5537572e-01]
  [-1.3160189e+00  1.8514259e+00]
  [ 1.5769461e-01  1.9585962e+00]
  [ 6.0121882e-01  1.3909686e+00]
  [-2.2051784e-01  2.7989314e+00]
  [-1.0027806e+00  3.5490806e+00]
  [-5.1610112e+00  2.8290198e+00]
  [-4.4151812e+00  2.0166216e+00]]

 [[ 6.4692307e-01 -1.1050224e+00]
  [ 6.3190925e-01 -7.3818451e-01]
  [ 9.2783356e-01 -3.5597053e-01]
  [ 1.5888664e-01  5.8808696e-01]
  [-4.0490940e-01  6.3787657e-01]
  [ 1.0410889e+00 -1.3759084e+00]
  [ 2.8825181e+00 -4.3165932e+00]
  [ 3.9893539e+00 -5.2152281e+00]
  [ 4.8697877e+00 -6.2215705e+00]
  [ 4.5682702e+00 -5.6382279e+00]
  [ 4.2054603e-01 -2.8973347e-01]
  [ 4.0326372e-01 -1.2329292e-01]
  [ 2.9131238e+00 -5.3542604e+00]
  [ 5.1828756e+00 -8.3396740e+00]
  [ 5.4187288e+00 -7.7407503e+00]
  [ 9.3511629e+00 -1.2159764e+01]
  [ 6.8510733e+00 -8.9955950e+00]
  [ 1.3735874e+01 -1.7504642e+01]
  [ 2.9052753e+00 -3.5875828e+00]
  [ 7.2054591e+00 -8.7513103e+00]
  [ 1.5164408e+01 -2.0758448e+01]
  [ 1.8950279e+00 -2.7442954e+00]
  [-1.6065911e+00  1.7700205e+00]
  [ 2.9140615e-01  1.6435373e+00]
  [-3.4406057e-01  6.7135119e-01]
  [-1.4891139e+00  1.5143344e+00]
  [-7.8907990e-01  2.6946235e+00]
  [-1.4383516e+00  3.3658419e+00]
  [-3.3587494e+00  3.3857992e+00]
  [-4.8011284e+00  2.8548956e+00]
  [-3.9808846e+00  2.1442609e+00]
  [-5.5977201e+00  2.8951781e+00]
  [ 1.2315506e+00 -7.1229070e-01]
  [ 4.7668262e+00 -6.2143283e+00]
  [ 5.9640608e+00 -7.4563503e+00]
  [-1.7905673e-01  6.5105879e-01]
  [ 3.4989771e-01  2.3753729e-01]
  [ 1.9149504e+00 -4.3034072e+00]
  [ 5.3751216e+00 -8.8020639e+00]
  [ 1.0970352e+01 -1.3964409e+01]
  [ 7.0890479e+00 -9.0989008e+00]
  [ 6.9815488e+00 -9.5778503e+00]
  [ 5.9373183e+00 -8.1774769e+00]
  [ 7.3874335e+00 -1.0197273e+01]
  [-1.8170552e+00  1.9777255e+00]
  [-8.4702969e-01  6.8828464e-01]
  [-1.3080474e+00  1.8532245e+00]
  [ 1.7432606e-01  1.9582610e+00]
  [ 6.1465371e-01  1.3902936e+00]
  [-2.0529073e-01  2.8100607e+00]
  [-9.9227846e-01  3.5774288e+00]
  [-3.4907060e+00  3.5833569e+00]
  [-4.4147701e+00  2.0412455e+00]]

 [[ 5.9656477e-01 -5.2323788e-03]
  [ 6.1925256e-01 -5.8624101e-01]
  [ 5.3447676e-01  2.9529607e-01]
  [ 9.4496977e-01  6.9725573e-01]
  [ 1.0339228e+00  1.5942299e-01]
  [ 1.5659312e+00 -2.8479748e+00]
  [ 7.2685850e-01 -5.0546849e-01]
  [ 1.4254570e+00 -3.4859838e+00]
  [ 3.6418622e+00 -6.8213139e+00]
  [ 6.9299512e+00 -1.0588889e+01]
  [ 7.5487928e+00 -1.0607557e+01]
  [ 4.8953133e+00 -6.9300618e+00]
  [ 7.5916421e-01  6.5771216e-01]
  [ 4.4351974e-01  8.1471783e-01]
  [ 1.1531458e+00 -1.2749095e+00]
  [ 2.6545885e+00 -3.8834469e+00]
  [ 1.9516991e+00 -3.0924623e+00]
  [ 7.9030652e+00 -1.1937652e+01]
  [ 2.1112814e+00 -2.7154491e+00]
  [ 2.9939818e+00 -3.9734983e+00]
  [ 1.3465747e+00 -1.4079368e+00]
  [ 1.0848455e+00 -2.0182838e+00]
  [-2.7392180e+00  3.0065179e+00]
  [-1.8048995e+00  2.0595121e+00]
  [ 7.0114112e-01  2.0392492e+00]
  [-3.5824845e+00  2.2599673e+00]
  [-5.1729641e+00  3.1032326e+00]
  [-5.2372675e+00  2.6951196e+00]
  [-5.6652269e+00  2.1514807e+00]
  [-5.8809195e+00  2.0863647e+00]
  [-4.7952476e+00  2.1818044e+00]
  [ 7.3774600e-01 -2.5303884e+00]
  [ 3.3580258e+00 -6.6133604e+00]
  [ 8.6636267e+00 -1.1817459e+01]
  [ 5.1829028e+00 -6.9430428e+00]
  [ 1.4128045e+00  4.5102996e-01]
  [ 1.2896848e-01  1.5416548e+00]
  [ 3.6416359e+00 -5.1842728e+00]
  [ 2.4267597e+00 -3.9483492e+00]
  [ 1.0061190e+00 -1.7305360e+00]
  [ 1.2685373e-01 -4.0139776e-01]
  [ 1.0208459e+00 -2.2151809e+00]
  [-2.3034022e+00  2.9665589e+00]
  [-2.0317369e+00  2.5964186e+00]
  [-1.9535357e+00  1.6596363e+00]
  [-1.6442591e+00  1.2979853e+00]
  [ 8.0424678e-01  2.1549122e+00]
  [ 1.0868287e+00  1.7096989e+00]
  [-5.6713815e+00  3.5400951e+00]
  [-4.8112969e+00  2.6522663e+00]
  [-5.6145434e+00  1.9462519e+00]
  [-6.2267880e+00  1.9914360e+00]
  [-4.6579280e+00  2.1546898e+00]]

 [[ 6.0046017e-01 -1.9021779e-03]
  [ 6.1863649e-01 -5.8256340e-01]
  [ 5.3924620e-01  2.9502046e-01]
  [ 9.4809747e-01  6.9770771e-01]
  [ 1.0372051e+00  1.5906000e-01]
  [ 1.5536718e+00 -2.8328960e+00]
  [ 7.2400963e-01 -4.9392837e-01]
  [ 1.4162198e+00 -3.4696579e+00]
  [ 3.6260796e+00 -6.8049369e+00]
  [ 6.9050317e+00 -1.0564769e+01]
  [ 7.5108852e+00 -1.0572061e+01]
  [ 4.8566375e+00 -6.8967042e+00]
  [ 7.6754594e-01  6.6981149e-01]
  [ 4.5011693e-01  8.2888180e-01]
  [ 1.1433851e+00 -1.2565331e+00]
  [ 2.6297226e+00 -3.8602600e+00]
  [ 1.9273785e+00 -3.0696485e+00]
  [ 7.8810625e+00 -1.1914618e+01]
  [ 2.0946035e+00 -2.6880682e+00]
  [ 2.9753752e+00 -3.9459817e+00]
  [ 1.3303822e+00 -1.3783367e+00]
  [ 1.0811402e+00 -2.0116336e+00]
  [-2.6870079e+00  2.9484601e+00]
  [-1.8183322e+00  2.0769329e+00]
  [ 6.9326055e-01  2.0455911e+00]
  [-3.5713677e+00  2.2493284e+00]
  [-5.2019248e+00  3.1659162e+00]
  [-5.3285360e+00  2.7819574e+00]
  [-5.5277219e+00  2.0534518e+00]
  [-5.8608766e+00  2.0528269e+00]
  [-4.8090711e+00  2.1574488e+00]
  [-5.3315949e+00  1.7381399e+00]
  [ 7.3689997e-01 -2.5137427e+00]
  [ 3.3403108e+00 -6.6008239e+00]
  [ 8.6224995e+00 -1.1778460e+01]
  [ 5.1381140e+00 -6.9043932e+00]
  [ 1.4226986e+00  4.6234852e-01]
  [ 1.4091563e-01  1.5540414e+00]
  [ 3.6128936e+00 -5.1622486e+00]
  [ 2.3949978e+00 -3.9220154e+00]
  [ 1.0083444e+00 -1.7346959e+00]
  [ 1.2555006e-01 -3.9882952e-01]
  [ 1.0173473e+00 -2.2095370e+00]
  [-2.2309937e+00  2.9170172e+00]
  [-1.9824225e+00  2.5049608e+00]
  [-1.9711715e+00  1.7130959e+00]
  [-1.6787139e+00  1.3065326e+00]
  [ 8.0548728e-01  2.1577175e+00]
  [ 1.0745646e+00  1.7144668e+00]
  [-5.6796641e+00  3.6110713e+00]
  [-4.9858294e+00  2.8129115e+00]
  [-6.1968365e+00  1.9696310e+00]
  [-4.6966462e+00  2.1216903e+00]]]
pred: [0 0 0 0]
pred[0].item(): 0
adj: %0 = multiply(meta[relay.Constant][1], meta[relay.Constant][2]);
multiply(meta[relay.Constant][0], %0)

OK3
OK4
OK5
OK6
OK7
OK3
OK4
OK5
OK6
OK7
OK1
OK2
OK3
OK4
min time is 1.430511474609375e-06
max time is 7.3909759521484375e-06
median time is 1.9073486328125e-06
logits_tvm: [[[  9.352933   -13.204208  ]
  [  5.859313    -9.365896  ]
  [  3.2152915   -5.8260527 ]
  [  3.2298322   -4.7643113 ]
  [  7.323073    -9.56928   ]
  [ 10.168795   -13.277951  ]
  [  0.90055037  -1.5150096 ]
  [  0.6137459   -0.89512175]
  [  0.27026007  -0.05139871]
  [  0.06978041   0.514999  ]
  [ -0.19804901   0.28786883]
  [  1.1278313   -1.593303  ]
  [  4.262869    -5.607374  ]
  [  4.9747615   -6.3649464 ]
  [  2.4019494   -3.104068  ]
  [  0.33984825  -0.21993428]
  [  0.3831186   -0.15296686]
  [ 10.2956     -14.506192  ]
  [  4.1420517   -5.4010797 ]
  [  5.029594    -6.281385  ]
  [  2.805558    -3.623483  ]
  [  3.395454    -5.2633514 ]
  [ -1.8173145    1.9380989 ]
  [ -1.0625067    0.9466483 ]
  [ -1.4332272    2.130426  ]
  [ -2.1182663    2.065754  ]
  [  0.02815188   1.5024152 ]
  [ -1.8319322    1.1826644 ]
  [ -1.4554868    1.2713773 ]
  [ -2.9388716    2.6963072 ]
  [ -3.115867     3.314053  ]
  [ -2.0195432    2.7547326 ]
  [ -0.8211361    1.6389298 ]
  [ -0.6390525    1.0173907 ]
  [  5.5621405   -9.1947565 ]
  [  2.214578    -4.7904787 ]
  [  7.633816    -9.725251  ]
  [ 11.325632   -14.489297  ]
  [  5.114471    -6.668422  ]
  [  6.2176356   -7.7759485 ]
  [ -0.09107575   0.50255096]
  [  0.24465041   0.3527138 ]
  [  2.7338307   -4.2382193 ]
  [  1.6874653   -2.8566236 ]
  [  3.1593711   -4.882551  ]
  [  0.06111767   1.71087   ]
  [  0.6744127    1.1759112 ]
  [ -1.5788537    0.6157642 ]
  [ -2.2275348    1.1066151 ]
  [ -3.3905559    2.9525902 ]
  [ -3.5208936    3.6918688 ]
  [ -2.0541742    2.943696  ]
  [ -0.4497839    1.4500341 ]
  [ -0.3078837    0.7021528 ]]]
pred: [0]
pred[0].item(): 0
adj: %0 = multiply(meta[relay.Constant][1], meta[relay.Constant][2]);
multiply(meta[relay.Constant][0], %0)

OK3
OK4
OK5
OK6
OK7
OK3
OK4
OK5
OK6
OK7
OK1
OK2
OK3
OK4
min time is 1.6689300537109375e-06
max time is 6.9141387939453125e-06
median time is 1.9073486328125e-06
logits_tvm: [[[ 11.543991   -15.027027  ]
  [  8.077728   -11.322781  ]
  [  5.23003     -7.6947837 ]
  [  4.6094785   -6.282367  ]
  [  8.839448   -11.386992  ]
  [ 11.868632   -15.053688  ]
  [  1.8620636   -2.8455987 ]
  [  1.1538815   -2.1324852 ]
  [  0.04671498  -0.79023635]
  [ -0.4800571   -0.10448589]
  [  0.07345738  -0.6919713 ]
  [  2.1487517   -3.1185503 ]
  [  5.9983454   -7.4611683 ]
  [  6.949173    -8.247638  ]
  [  3.9719815   -4.764908  ]
  [  1.7939276   -2.0741289 ]
  [  0.9944067   -1.4253075 ]
  [ 12.636602   -16.306087  ]
  [  6.5648336   -7.7568884 ]
  [  7.176591    -8.283129  ]
  [  4.8318815   -5.6131306 ]
  [  6.077922    -7.7923713 ]
  [ -1.1144186    0.3690713 ]
  [  0.05198699  -0.8289804 ]
  [ -1.8227274    1.4625978 ]
  [ -1.5069841    0.8759518 ]
  [ -1.4553101    0.8185313 ]
  [  0.3550244    1.273567  ]
  [  1.2272373    1.0323157 ]
  [  0.02903831   2.3175726 ]
  [  1.0929886    2.8027618 ]
  [  0.6684073    4.4553905 ]
  [  1.7856883    5.4042463 ]
  [  3.2454767    5.2054815 ]
  [  3.9045227    4.203042  ]
  [  3.155148     3.27406   ]
  [  7.740211   -11.202916  ]
  [  4.2725673   -6.7009583 ]
  [  9.003945   -11.615446  ]
  [ 12.917367   -16.216047  ]
  [  6.941257    -8.485626  ]
  [  8.407293    -9.660864  ]
  [  1.4747254   -1.4080312 ]
  [  0.29568386  -0.45272684]
  [  4.9476776   -6.254978  ]
  [  3.616548    -4.746628  ]
  [  5.382926    -6.8803945 ]
  [ -1.4033803    0.44280463]
  [ -1.9423293    0.9754707 ]
  [ -0.67844915   2.5231938 ]
  [ -0.03689751   4.638791  ]
  [  1.6801006    5.744361  ]
  [  3.4640794    5.478351  ]
  [  4.3425713    4.1346483 ]
  [  3.5017924    3.0648339 ]]]
pred: [0]
pred[0].item(): 0
adj: %0 = multiply(meta[relay.Constant][1], meta[relay.Constant][2]);
multiply(meta[relay.Constant][0], %0)

OK3
OK4
OK5
OK6
OK7
OK3
OK4
OK5
OK6
OK7
OK1
OK2
OK3
OK4
min time is 1.6689300537109375e-06
max time is 2.47955322265625e-05
median time is 1.9073486328125e-06
logits_tvm: [[[ 1.3084426e+00 -2.0619419e+00]
  [ 9.1118133e-01 -1.5430739e+00]
  [ 9.2969880e-02 -7.3554301e-01]
  [-7.6666760e-01  4.8610425e-01]
  [-3.3976805e-01 -1.5143393e-01]
  [ 1.7412394e+00 -2.3472888e+00]
  [ 3.9487596e+00 -5.5549779e+00]
  [ 5.3384652e+00 -6.6401534e+00]
  [ 6.3134212e+00 -7.6887131e+00]
  [ 6.7438850e+00 -7.9974623e+00]
  [ 1.2081096e+00 -1.4824419e+00]
  [ 5.8022940e-01 -7.5906873e-01]
  [ 4.2231340e+00 -6.8309627e+00]
  [ 6.5233183e+00 -9.8658972e+00]
  [ 6.3515329e+00 -8.7225962e+00]
  [ 1.0562527e+01 -1.3557640e+01]
  [ 8.0921259e+00 -1.0462417e+01]
  [ 2.1757919e+01 -2.6140989e+01]
  [ 4.2444263e+00 -4.9825878e+00]
  [ 1.0559404e+01 -1.2385554e+01]
  [ 2.6243309e+01 -3.2889587e+01]
  [ 2.1880815e+00 -3.0388238e+00]
  [-1.4350128e+00  7.9208934e-01]
  [-4.4019909e+00  2.7699709e+00]
  [-1.7792937e-01  9.0036660e-01]
  [ 7.3782158e-01  1.3321381e+00]
  [ 2.1706450e+00  1.5558250e+00]
  [ 2.4820161e+00  2.1962962e+00]
  [ 1.4139845e+00  2.5250044e+00]
  [ 4.0808946e-01  1.4997602e+00]
  [ 1.7162091e-01  2.2074716e+00]
  [ 1.7252001e-01  5.6239790e-01]
  [-1.3748526e+01  5.6205730e+00]
  [-8.3247099e+00  3.1850567e+00]
  [-8.0869493e+00  3.3969150e+00]
  [-7.7164755e+00  2.7075455e+00]
  [ 1.7186439e-01 -7.9201782e-01]
  [ 6.2531137e+00 -7.7163568e+00]
  [ 7.4775691e+00 -8.9017229e+00]
  [ 5.8944571e-01 -5.8712918e-01]
  [ 5.7806462e-02  1.1590600e-02]
  [ 3.2170439e+00 -5.7874379e+00]
  [ 6.7511420e+00 -1.0412690e+01]
  [ 1.2212382e+01 -1.5383080e+01]
  [ 8.2512922e+00 -1.0631295e+01]
  [ 1.2616980e+01 -1.5597814e+01]
  [ 1.1251341e+01 -1.4071188e+01]
  [ 1.3090450e+01 -1.6298231e+01]
  [-2.0095501e+00  1.5150123e+00]
  [ 4.2771041e-02 -8.0217183e-01]
  [-1.3521899e+00  1.1789613e+00]
  [-1.7268145e+00  1.9452810e+00]
  [ 2.4723496e+00  1.2544727e+00]
  [ 2.9806638e+00  2.2783756e+00]
  [ 1.6951544e+00  3.4155974e+00]
  [-1.5144548e-01  3.0402873e+00]]

 [[ 1.0823009e+00 -1.7537348e+00]
  [ 1.8507316e+00 -2.8619041e+00]
  [ 8.6556697e-01 -1.3490670e+00]
  [ 1.3801059e-01 -1.8583064e-01]
  [ 2.6697218e-01 -4.5526573e-01]
  [ 4.2421165e+00 -6.0783143e+00]
  [ 1.9278191e+00 -2.5983074e+00]
  [ 4.4823313e+00 -7.2497244e+00]
  [ 7.3103733e+00 -1.0921513e+01]
  [ 1.0819432e+01 -1.4700527e+01]
  [ 1.1532257e+01 -1.4744183e+01]
  [ 8.5461855e+00 -1.1081477e+01]
  [ 6.1689901e-01 -7.3555917e-01]
  [ 1.2592717e+00 -1.5458064e+00]
  [ 3.4508719e+00 -4.3254013e+00]
  [ 6.3580656e+00 -7.8031301e+00]
  [ 5.5678220e+00 -6.9929562e+00]
  [ 1.1806913e+01 -1.6002632e+01]
  [ 5.7943478e+00 -7.2602482e+00]
  [ 6.5581412e+00 -7.8551927e+00]
  [ 4.1606765e+00 -5.2090139e+00]
  [ 5.1671486e+00 -7.2985048e+00]
  [-4.5421728e-01  7.8830469e-01]
  [-1.8198842e+00  2.0133679e+00]
  [-2.2392626e+00  2.7708433e+00]
  [-1.1503401e+00  1.9173920e+00]
  [-3.5783026e-01  1.4266913e+00]
  [ 8.5030921e-02  7.3355448e-01]
  [-1.8846648e+00  3.2544608e+00]
  [-4.3869586e+00  5.9148078e+00]
  [ 8.2290843e-03  5.0520358e+00]
  [-4.0508118e+00  3.8012648e+00]
  [ 3.4961872e+00 -6.1736827e+00]
  [ 7.0271049e+00 -1.0795866e+01]
  [ 1.2675779e+01 -1.5910467e+01]
  [ 8.8681536e+00 -1.1322088e+01]
  [-3.9706737e-02  2.6929104e-01]
  [ 8.5261476e-01 -8.8377029e-01]
  [ 7.7304211e+00 -9.2586098e+00]
  [ 6.4870186e+00 -8.0947218e+00]
  [ 4.2337041e+00 -5.9115710e+00]
  [ 2.8929069e+00 -4.3438377e+00]
  [ 4.6414557e+00 -6.5374632e+00]
  [-2.1170521e+00  2.0429676e+00]
  [-2.7216499e+00  3.2621813e+00]
  [-2.0447889e-01  1.4458053e+00]
  [ 4.6021822e-01  3.8751134e-01]
  [-3.7074916e+00  5.0146546e+00]
  [-4.1266561e+00  4.7610936e+00]
  [-3.2621846e+00  4.9944282e+00]
  [-1.2821841e-01  4.3590713e+00]
  [ 3.9842665e-01  4.3310075e+00]
  [ 4.0272847e-01  3.7945280e+00]
  [-3.4594481e+00  3.3373048e+00]
  [-2.9163489e+00  2.7716594e+00]
  [-3.8105264e+00  3.0272954e+00]]]
pred: [0 0]
pred[0].item(): 0
num:  467.0
Test accuracy of TVM results: 78.37%
Min model inference total time:  3.62396240234375e-05
Median model inference total time:  4.57763671875e-05
Max model inference total time:  0.00031375885009765625
