dgl_g:  (Graph(num_nodes=2, num_edges=2,
      ndata_schemes={'_ID': Scheme(shape=(), dtype=torch.int64), 'node_attr': Scheme(shape=(4,), dtype=torch.float64), 'node_labels': Scheme(shape=(1,), dtype=torch.int64)}
      edata_schemes={'_ID': Scheme(shape=(), dtype=torch.int64), 'edge_labels': Scheme(shape=(1,), dtype=torch.int64)}), tensor([1]))
dgl_g[0]:  Graph(num_nodes=2, num_edges=2,
      ndata_schemes={'_ID': Scheme(shape=(), dtype=torch.int64), 'node_attr': Scheme(shape=(4,), dtype=torch.float64), 'node_labels': Scheme(shape=(1,), dtype=torch.int64)}
      edata_schemes={'_ID': Scheme(shape=(), dtype=torch.int64), 'edge_labels': Scheme(shape=(1,), dtype=torch.int64)})
adj: %0 = multiply(meta[relay.Constant][1], meta[relay.Constant][2]);
multiply(meta[relay.Constant][0], %0)

OK3
OK4
OK5
OK6
OK7
OK3
OK4
OK5
OK6
OK7
OK1
OK2
OK3
OK4
min time is 1.430511474609375e-06
max time is 6.4373016357421875e-06
median time is 1.6689300537109375e-06
logits_tvm: [[[-1.0740171e+01  2.2067719e+01]
  [-1.0740171e+01  2.2067719e+01]
  [-1.2995728e+00  1.2995734e+00]
  ...
  [-1.2995728e+00  1.2995734e+00]
  [-1.2995728e+00  1.2995734e+00]
  [-1.2995728e+00  1.2995734e+00]]

 [[-1.7766317e+01  3.5617104e+01]
  [-1.7766317e+01  3.5617104e+01]
  [-1.2995728e+00  1.2995734e+00]
  ...
  [-1.2995728e+00  1.2995734e+00]
  [-1.2995728e+00  1.2995734e+00]
  [-1.2995728e+00  1.2995734e+00]]

 [[ 1.0066390e-02  5.5318856e+00]
  [ 1.1076192e+00  2.8276129e+00]
  [ 9.6016288e-02  3.9655600e+00]
  ...
  [-1.2995728e+00  1.2995734e+00]
  [-1.2995728e+00  1.2995734e+00]
  [-1.2995728e+00  1.2995734e+00]]

 ...

 [[ 1.0017916e+00  2.9015274e+00]
  [ 5.9962082e+00 -8.7628841e-01]
  [ 1.6380681e+00  2.1345730e+00]
  ...
  [-6.4423478e-01  4.6059475e+00]
  [ 1.0558169e+01 -2.7249637e+00]
  [-5.3831458e-01  5.2044401e+00]]

 [[-1.1543522e+00  3.9723382e+00]
  [-3.9203256e-01  2.0437789e+00]
  [-5.8350682e-02  1.4909228e+00]
  ...
  [ 2.0304165e+00  2.7821326e+00]
  [ 2.8171563e-01  3.9679785e+00]
  [ 3.4275398e+00 -4.7707701e-01]]

 [[-1.0882963e+00  5.1531382e+00]
  [-1.8288743e-01  3.9089661e+00]
  [ 2.3096180e-01  3.4235079e+00]
  ...
  [-5.3851658e-01  3.8306525e+00]
  [ 6.3193660e+00 -3.2291307e+00]
  [ 6.6884365e+00 -3.5859222e+00]]]
pred: [1 1 1 1 1 1 1 1 1 1 1 1 1 1 1 1 1 1 1 1 1 1 1 1 1 1 1 1 1 1 1 1 1 1 1 1 1
 1 1 1 1 1 1 1 1 1 1 1 1 0 1 1 1 1 1 1 1 1 1 1 1 0 0 1 1 1 1 0 1 0 1 0 1 1
 1 1 1 1 1 1 1 0 1 1 0 0 1 1 1 1 1 1 1 1 1 0 0 0 1 0 0 0 0 0 0 0 0 0 0 0 0
 0 0 0 1 0 0 1 0 1 0 0 0 0 0 0 1 0]
pred[0].item(): 1
adj: %0 = multiply(meta[relay.Constant][1], meta[relay.Constant][2]);
multiply(meta[relay.Constant][0], %0)

OK3
OK4
OK5
OK6
OK7
OK3
OK4
OK5
OK6
OK7
OK1
OK2
OK3
OK4
min time is 1.430511474609375e-06
max time is 6.9141387939453125e-06
median time is 1.9073486328125e-06
logits_tvm: [[[-4.4810367e+00  1.5124489e+01]
  [-8.2425299e+00  1.1626778e+01]
  [-1.9774797e+00  3.3912723e+00]
  ...
  [-2.2597947e+00  4.8233681e+00]
  [-2.3878307e+00  4.8686028e+00]
  [-1.2995728e+00  1.2995734e+00]]

 [[ 4.3631740e+00  2.4953074e+00]
  [ 4.2297082e+00  4.7898495e-01]
  [-7.7869117e-01  3.6681068e+00]
  ...
  [-6.4268308e+00  7.2701955e+00]
  [ 3.1548228e+00 -9.4687533e-01]
  [-1.2995728e+00  1.2995734e+00]]

 [[ 7.1155081e+00 -3.1992512e+00]
  [ 4.1749616e+00 -2.3086982e+00]
  [ 2.8448093e-01  2.0841715e+00]
  ...
  [ 1.9251859e-01  3.1600695e+00]
  [ 1.4859165e+00  2.5219157e+00]
  [-1.2995728e+00  1.2995734e+00]]

 ...

 [[ 7.7063303e+00 -3.7157097e+00]
  [ 2.7326312e+00  6.7927408e-01]
  [-1.2522659e+00  3.0632029e+00]
  ...
  [-3.1605034e+00  5.7545443e+00]
  [ 7.1376257e+00 -9.9328494e-01]
  [ 1.7906334e+01 -8.0312939e+00]]

 [[ 6.8211517e+00 -4.6554012e+00]
  [ 3.7522821e+00 -2.8184218e+00]
  [ 2.1084571e+00  1.2013555e-02]
  ...
  [ 1.3449028e+01 -6.6504397e+00]
  [ 1.3954832e+01 -7.1844764e+00]
  [ 2.4984539e+01 -1.4018923e+01]]

 [[ 2.6435733e+00  3.8959980e-01]
  [ 2.8516603e+00  2.8765380e-01]
  [ 6.6891110e-01  2.6774225e+00]
  ...
  [ 1.0789391e+00  2.1164513e+00]
  [ 1.7987801e+00  7.5541544e-01]
  [-5.3544979e+00  7.6946778e+00]]]
pred: [1 1 1 1 1 1 1 0 1 1 1 1 0 0 1 1 0 0 1 1 1 0 1 1 1 1 0 1 0 1 1 1 1 1 1 1 1
 0 1 1 1 1 1 1 1 0 1 0 1 1 0 1 1 1 1 1 1 1 1 1 1 0 1 1 0 1 1 0 0 1 0 1 0 0
 0 0 1 1 1 1 1 1 1 1 1 1 1 1 0 1 0 1 0 0 0 1 0 0 0 0 0 0 0 0 1 0 0 0 1 0 1
 0 0 1 0 0 0 1 0 1 1 0 0 0 0 0 0 1]
pred[0].item(): 1
adj: %0 = multiply(meta[relay.Constant][1], meta[relay.Constant][2]);
multiply(meta[relay.Constant][0], %0)

OK3
OK4
OK5
OK6
OK7
OK3
OK4
OK5
OK6
OK7
OK1
OK2
OK3
OK4
min time is 1.430511474609375e-06
max time is 6.9141387939453125e-06
median time is 1.9073486328125e-06
logits_tvm: [[[  8.740944    -1.5914066 ]
  [ -1.3696764    3.4759283 ]
  [ -2.8947191    5.137492  ]
  ...
  [ 20.68058    -13.459621  ]
  [  4.869845     0.4851591 ]
  [  6.171663    -0.281008  ]]

 [[ -2.8445258    3.3781672 ]
  [  4.987856     1.1680789 ]
  [  7.4911175   -0.08688664]
  ...
  [ 23.501514    -6.6858582 ]
  [ 45.27698    -18.577547  ]
  [ 24.065937    -9.690258  ]]

 [[ 13.412159    -4.976152  ]
  [ -1.1809239    1.6561264 ]
  [  5.886112    -2.2389858 ]
  ...
  [ 46.462387   -22.303623  ]
  [  5.604792    -4.5184093 ]
  [ 17.071266    -5.060895  ]]

 ...

 [[ -2.8289628    3.577875  ]
  [  1.40791      2.3625798 ]
  [  4.584624     0.9040384 ]
  ...
  [ 68.122795   -37.01298   ]
  [ 56.555416   -31.28071   ]
  [ 40.04122    -21.541315  ]]

 [[  5.3796782   -0.21826577]
  [ -1.0003309    2.1014404 ]
  [ -0.645707     2.029615  ]
  ...
  [ 36.50841    -17.69861   ]
  [ 18.56098     -8.442698  ]
  [  8.165953    -3.5752764 ]]

 [[  3.547265    -0.09677434]
  [ -1.2124729    5.647903  ]
  [  5.617912    -0.70119596]
  ...
  [  0.47331417   3.7313848 ]
  [  4.179449     0.1531167 ]
  [  7.7072086   -2.5121646 ]]]
pred: [0 0 0 0 0 0 0 0 0 0 0 0 0 0 0 0 0 0 0 0 0 0 0 0 0 0 0 0 0 0 0 0 0 0 0 0 0
 0 0 0 0 0 0 0 0 0 0 0 0 0 0 0 0 0 0 0 0 0 0 0 0 0 0 0 0 0 0 0 0 0 0 0 0 0
 0 0 0 0 0 0 0 0 0 0 0 1 0 0 0 0 0 0 0 0 0 0 0 0 0 1 0 0 0 0 0 0 0 0 0 0 0
 0 0 0 0 0 0 0 0 0 0 0 0 0 0 0 0 0]
pred[0].item(): 0
adj: %0 = multiply(meta[relay.Constant][1], meta[relay.Constant][2]);
multiply(meta[relay.Constant][0], %0)

OK3
OK4
OK5
OK6
OK7
OK3
OK4
OK5
OK6
OK7
OK1
OK2
OK3
OK4
min time is 1.6689300537109375e-06
max time is 6.9141387939453125e-06
median time is 1.9073486328125e-06
logits_tvm: [[[  5.4077287   -0.4784093 ]
  [  8.814517    -2.6572392 ]
  [  0.942618     1.5760915 ]
  ...
  [  6.9967384   -0.7032447 ]
  [ -2.8314342    5.8688536 ]
  [ -1.2995728    1.2995734 ]]

 [[ 23.46716    -13.351501  ]
  [ 14.041783    -8.275736  ]
  [ 17.146837   -11.547062  ]
  ...
  [  5.0256104   -1.4174058 ]
  [  1.8696359    1.3467479 ]
  [ -1.2995728    1.2995734 ]]

 [[  6.7514315    0.07276702]
  [  1.4442312    5.73136   ]
  [  5.967043    -0.6674601 ]
  ...
  [  1.5433472    1.0213974 ]
  [  1.4945859    0.74315953]
  [ -1.2995728    1.2995734 ]]

 ...

 [[ 22.435123   -18.397816  ]
  [  9.028028    -7.3871627 ]
  [ 13.247938    -9.537655  ]
  ...
  [  5.639306     1.152411  ]
  [  8.6098995   -0.35192072]
  [  8.227363     0.67415226]]

 [[ 41.57871    -26.43789   ]
  [ 10.033413    -5.4735684 ]
  [ 25.43137    -14.260523  ]
  ...
  [  0.8358673    3.9315448 ]
  [ -0.7863849    3.5761738 ]
  [  6.615077    -1.740901  ]]

 [[ 10.191247    -5.4936986 ]
  [  9.965692    -4.3875523 ]
  [ 11.113547    -5.2396407 ]
  ...
  [ -2.5644798    4.8259997 ]
  [ -4.7312145    7.236821  ]
  [ -5.2318892    7.850262  ]]]
pred: [0 0 1 0 0 1 0 0 0 0 0 0 0 0 0 0 0 0 0 0 1 0 0 0 0 0 0 0 0 0 0 0 0 0 0 0 1
 0 1 0 0 0 0 1 0 0 0 0 0 0 0 0 0 0 0 0 0 0 0 0 0 0 0 0 0 0 0 0 0 0 0 0 0 0
 0 0 0 0 0 0 0 0 0 0 0 0 0 0 0 0 0 0 0 0 0 0 0 0 0 0 0 0 0 0 0 0 0 0 0 0 0
 0 0 0 0 0 0 0 0 0 0 0 0 0 0 0 0 0]
pred[0].item(): 0
adj: %0 = multiply(meta[relay.Constant][1], meta[relay.Constant][2]);
multiply(meta[relay.Constant][0], %0)

OK3
OK4
OK5
OK6
OK7
OK3
OK4
OK5
OK6
OK7
OK1
OK2
OK3
OK4
min time is 1.430511474609375e-06
max time is 6.9141387939453125e-06
median time is 1.6689300537109375e-06
logits_tvm: [[[ -0.78949416   2.798983  ]
  [ -5.216531     9.0151415 ]
  [ -0.9093456    2.5548463 ]
  ...
  [  5.044626    -3.0781178 ]
  [ 17.50504     -9.942081  ]
  [ 13.415874    -7.8347497 ]]

 [[  8.972083    -1.7021186 ]
  [ 14.945731    -2.0344841 ]
  [  7.675188    -1.4779413 ]
  ...
  [ -1.4081259    4.4409313 ]
  [ -3.3536086    5.557571  ]
  [ -3.080958     5.36745   ]]

 [[-43.519768    80.55567   ]
  [-73.75234    138.73866   ]
  [-31.434994    67.638985  ]
  ...
  [ -5.6425657   21.410107  ]
  [ 37.30894     18.694578  ]
  [ 23.74666     12.622475  ]]

 ...

 [[ 12.348946    -8.462328  ]
  [ 23.94486    -14.555147  ]
  [ 14.174257    -8.3751545 ]
  ...
  [ 20.480032   -11.490551  ]
  [ 28.087866   -13.688332  ]
  [ 13.68556     -6.8232064 ]]

 [[  8.780235    -3.5992317 ]
  [ 27.514454   -12.625969  ]
  [ -0.35804445   3.8959384 ]
  ...
  [ 35.87272    -16.268787  ]
  [ 40.2654     -17.859255  ]
  [ 14.992934    -7.4608626 ]]

 [[ 10.151606    -6.9672704 ]
  [ 14.066776   -10.647713  ]
  [  3.8819852   -0.99180937]
  ...
  [  9.581755    -5.2811427 ]
  [ -1.7621266    6.078751  ]
  [  9.729351    -4.9752026 ]]]
pred: [0 0 1 0 1 1 0 0 0 1 0 0 0 0 0 0 0 0 0 0 0 0 0 0 0 0 0 0 0 0 0 0 0 0 0 0 0
 1 0 0 0 1 0 0 0 0 0 0 0 0 0 1 0 0 0 0 0 0 0 1 0 0 0 0 0 0 0 0 0 0 0 0 0 0
 0 0 0 0 0 0 0 0 0 1 0 0 0 0 0 0 0 0 0 0 0 0 0 0 1 0 0 0 0 0 0 1 0 0 0 0 0
 1 0 0 0 0 0 0 0 0 0 0 0 0 0 0 0 0]
pred[0].item(): 0
adj: %0 = multiply(meta[relay.Constant][1], meta[relay.Constant][2]);
multiply(meta[relay.Constant][0], %0)

OK3
OK4
OK5
OK6
OK7
OK3
OK4
OK5
OK6
OK7
OK1
OK2
OK3
OK4
min time is 1.430511474609375e-06
max time is 6.67572021484375e-06
median time is 1.6689300537109375e-06
logits_tvm: [[[  4.611282     3.9860787 ]
  [  3.4933052    0.5757232 ]
  [  0.7427174    3.64637   ]
  ...
  [ 13.738242    -4.4911704 ]
  [  3.850501    -0.785619  ]
  [ 13.67203     -4.149176  ]]

 [[  1.6562937    2.4622512 ]
  [  1.1715325    1.5567734 ]
  [ -2.0922475    5.546744  ]
  ...
  [ -1.7063191    3.6336567 ]
  [  2.9093747   -1.8946905 ]
  [ 14.016561   -11.956913  ]]

 [[  4.806647     2.2458048 ]
  [  2.009831     1.2720875 ]
  [ -1.5643407    5.0359344 ]
  ...
  [ -4.2095747    5.0176706 ]
  [  7.9702044   -2.9562545 ]
  [ 10.456992    -4.3718886 ]]

 ...

 [[  5.13075     -0.68299294]
  [  3.5331812   -1.7109334 ]
  [  1.6205999   -0.13527083]
  ...
  [ 10.607459    -2.9717183 ]
  [ 15.99314     -7.3458266 ]
  [ 23.820438   -10.569696  ]]

 [[ 15.659984   -11.143274  ]
  [  5.578701    -4.0254264 ]
  [  6.8642483   -3.43567   ]
  ...
  [  0.45753443   5.8117175 ]
  [  2.0861292    2.0590734 ]
  [  0.4503671    6.6995945 ]]

 [[  6.555898    -5.8570166 ]
  [  0.47227132   0.3038324 ]
  [ -0.6767154    2.4563894 ]
  ...
  [  0.92442834   1.2399504 ]
  [ -6.843772     7.920368  ]
  [ 11.981645    -6.8129487 ]]]
pred: [0 0 0 1 0 0 0 0 0 0 0 0 1 0 0 1 0 0 0 0 0 0 0 0 1 1 0 1 1 0 0 0 0 0 0 0 0
 0 0 1 1 0 0 0 0 0 0 1 1 0 0 0 0 0 0 0 1 1 0 0 0 0 0 0 0 0 0 0 0 0 0 0 0 0
 0 0 0 0 0 0 0 0 0 0 0 0 1 0 0 1 0 0 0 0 0 0 0 0 1 0 0 0 0 0 0 1 0 0 0 1 0
 0 0 1 0 0 0 1 0 1 0 0 0 1 0 0 0 1]
pred[0].item(): 0
adj: %0 = multiply(meta[relay.Constant][1], meta[relay.Constant][2]);
multiply(meta[relay.Constant][0], %0)

OK3
OK4
OK5
OK6
OK7
OK3
OK4
OK5
OK6
OK7
OK1
OK2
OK3
OK4
min time is 1.430511474609375e-06
max time is 7.152557373046875e-06
median time is 1.6689300537109375e-06
logits_tvm: [[[ 7.1172295e+00 -3.3922777e+00]
  [ 1.6115142e+00  2.0704181e+00]
  [ 1.8547443e+00  2.3491452e+00]
  ...
  [ 1.8047348e+01 -1.1848362e+01]
  [ 6.2420850e+00 -2.3714383e+00]
  [-1.2995728e+00  1.2995734e+00]]

 [[ 2.8167400e+00  3.1925017e-01]
  [ 6.4737363e+00  3.9730072e-03]
  [ 1.1597737e+01 -5.6068606e+00]
  ...
  [-6.1423645e+00  7.7868958e+00]
  [ 1.2721938e+00  2.8925667e+00]
  [-1.2995728e+00  1.2995734e+00]]

 [[ 3.5952530e+00 -8.3181953e-01]
  [ 5.8701253e+00 -5.8159757e-01]
  [ 7.3708258e+00 -3.2533050e-01]
  ...
  [ 1.9275755e+00  8.4787244e-01]
  [ 1.8392972e+00 -7.2297049e-01]
  [-1.2995728e+00  1.2995734e+00]]

 ...

 [[ 1.1029989e+01 -4.2959876e+00]
  [ 4.6329165e+00 -6.0249043e-01]
  [ 1.1894184e+01 -4.2730665e+00]
  ...
  [ 1.7691716e+00  9.0419394e-01]
  [ 1.3728825e+00  1.2846963e+00]
  [ 1.0278866e+01 -4.7442884e+00]]

 [[ 9.3431492e+00 -6.3745332e-01]
  [ 6.9155617e+00 -1.7590666e+00]
  [ 1.8456518e+01 -7.8466630e+00]
  ...
  [ 1.0577272e+00  2.8652940e+00]
  [ 5.5898242e+00 -4.7590423e-01]
  [ 1.0688318e+01 -5.7440100e+00]]

 [[ 7.4685783e+00 -1.9679370e+00]
  [ 8.5863991e+00 -2.6552095e+00]
  [ 1.3560523e+01 -1.0080345e+01]
  ...
  [ 1.2974049e+00  2.4997020e+00]
  [-7.6478368e-01  4.9121299e+00]
  [-1.0680181e+00  5.2816272e+00]]]
pred: [0 0 0 0 0 0 1 0 0 0 0 0 0 0 0 1 0 0 0 0 0 0 0 0 0 0 1 0 0 0 0 0 0 0 0 0 0
 0 0 0 0 0 0 0 0 0 0 0 0 0 0 0 0 0 0 0 0 0 0 0 0 0 0 0 0 0 0 0 0 0 0 0 0 0
 0 0 0 0 0 0 0 0 0 0 0 0 0 0 0 0 0 0 0 0 0 0 0 0 0 0 0 0 0 0 0 0 0 0 0 0 0
 0 0 0 0 1 1 0 0 0 0 0 0 0 0 0 0 0]
pred[0].item(): 0
adj: %0 = multiply(meta[relay.Constant][1], meta[relay.Constant][2]);
multiply(meta[relay.Constant][0], %0)

OK3
OK4
OK5
OK6
OK7
OK3
OK4
OK5
OK6
OK7
OK1
OK2
OK3
OK4
min time is 1.430511474609375e-06
max time is 6.9141387939453125e-06
median time is 1.6689300537109375e-06
logits_tvm: [[[ -2.0426395   5.096601 ]
  [  2.0270448   2.3926935]
  [  6.143696   -0.8610647]
  ...
  [ 10.470145   -7.6813235]
  [ 12.602728  -10.48822  ]
  [  7.1710854  -5.10257  ]]

 [[  4.9475718  -2.98202  ]
  [  3.4545631  -2.73594  ]
  [  3.1799202  -2.4004967]
  ...
  [ 19.635075  -11.226875 ]
  [ 37.658585  -21.895695 ]
  [ 18.159027  -11.300148 ]]

 [[  4.3686223   1.0844107]
  [  9.513502   -2.142478 ]
  [  1.8063034   2.2427754]
  ...
  [ -2.793511    4.0327086]
  [  1.7353266   2.1950083]
  [ -3.5116735   5.724111 ]]

 ...

 [[  2.0466971   2.102388 ]
  [  8.630444   -4.426631 ]
  [  4.5278163   1.8097094]
  ...
  [  5.500945   -3.578073 ]
  [ 45.56094   -25.267448 ]
  [ 44.02832   -24.744467 ]]

 [[  7.221225   -4.6526303]
  [ 10.650925   -8.199909 ]
  [ -3.2379951   5.349137 ]
  ...
  [ 13.492587   -6.5346794]
  [ 51.09256   -28.300781 ]
  [ 40.09553   -23.499878 ]]

 [[ -2.0426395   5.096601 ]
  [  2.0270448   2.3926935]
  [  6.143696   -0.8610647]
  ...
  [  9.77949    -7.3449626]
  [ 12.602728  -10.48822  ]
  [  7.1710854  -5.10257  ]]]
pred: [0 0 0 0 0 0 0 0 0 0 0 0 0 0 0 0 0 0 0 0 0 0 0 0 0 0 0 0 0 0 0 0 0 0 0 0 0
 0 0 0 0 0 0 0 0 0 0 0 0 0 0 0 0 0 0 0 0 0 0 0 0 0 0 0 0 0 0 0 0 0 0 0 0 0
 0 0 0 0 0 0 0 0 0 0 0 0 0 0 0 0 0 0 0 0 0 0 0 0 0 0 0 0 0 0 0 0 0 0 0 0 0
 0 0 0 0 0 0 0 0 0 0 0 0 0 0 0 0 0]
pred[0].item(): 0
adj: %0 = multiply(meta[relay.Constant][1], meta[relay.Constant][2]);
multiply(meta[relay.Constant][0], %0)

OK3
OK4
OK5
OK6
OK7
OK3
OK4
OK5
OK6
OK7
OK1
OK2
OK3
OK4
min time is 1.430511474609375e-06
max time is 6.67572021484375e-06
median time is 1.9073486328125e-06
logits_tvm: [[[ 42.901115   -27.255117  ]
  [ 13.725481    -8.1812725 ]
  [ -0.5736127    2.1740704 ]
  ...
  [ -6.2357845    8.128798  ]
  [ -0.6213565    3.922822  ]
  [ 38.480015   -26.273176  ]]

 [[ 17.349262   -11.213758  ]
  [ 10.110661    -7.9479165 ]
  [  7.3201704   -6.8088202 ]
  ...
  [  6.830803    -0.13200176]
  [  4.115941     1.367681  ]
  [  7.248212     2.4169526 ]]

 [[ 14.916028    -2.1006598 ]
  [ 17.851767    -5.388437  ]
  [  5.285602    -2.4129343 ]
  ...
  [ 13.789134    -7.6712346 ]
  [ 19.783054    -9.374592  ]
  [ 24.926659   -10.334057  ]]

 ...

 [[ 17.232533    -7.9467683 ]
  [ -0.69108975   2.3593786 ]
  [ -2.7218814    3.416357  ]
  ...
  [  0.5984254    1.6186506 ]
  [ -3.356226     4.101986  ]
  [  4.7111573    5.098505  ]]

 [[ 55.986137   -46.003815  ]
  [ 17.067135   -13.9112835 ]
  [ -1.0622308    2.4710872 ]
  ...
  [  1.4197215    1.6464288 ]
  [ 24.758707   -20.942322  ]
  [ 47.560555   -40.3796    ]]

 [[  3.7295556   -2.2706048 ]
  [  0.67532337   1.2765057 ]
  [  2.9330163    0.47764862]
  ...
  [  7.149891    -2.1762862 ]
  [  6.0625644   -1.4519086 ]
  [  1.976422     2.6756957 ]]]
pred: [0 0 0 0 0 0 0 0 0 0 0 0 1 0 0 0 0 0 0 0 0 0 1 0 0 0 1 1 0 0 1 0 0 0 0 0 0
 0 0 0 0 1 0 0 0 0 0 0 0 0 1 0 0 1 0 0 0 1 0 0 0 1 0 0 0 0 0 0 0 0 0 0 0 0
 0 0 0 0 0 0 0 0 0 0 0 0 0 0 0 0 0 0 0 0 0 0 1 0 0 0 0 0 1 0 0 0 0 0 0 0 0
 0 0 1 0 0 0 0 0 0 0 0 0 0 0 0 0 0]
pred[0].item(): 0
adj: %0 = multiply(meta[relay.Constant][1], meta[relay.Constant][2]);
multiply(meta[relay.Constant][0], %0)

OK3
OK4
OK5
OK6
OK7
OK3
OK4
OK5
OK6
OK7
OK1
OK2
OK3
OK4
min time is 1.430511474609375e-06
max time is 7.152557373046875e-06
median time is 1.9073486328125e-06
logits_tvm: [[[ 23.389746   -10.369431  ]
  [ 12.912833    -4.908697  ]
  [ 17.858324    -6.613001  ]
  ...
  [  4.958945     0.5991191 ]
  [ 12.097942    -5.5232224 ]
  [ -1.2995728    1.2995734 ]]

 [[ 32.861145   -25.308693  ]
  [  8.596269    -6.840525  ]
  [ 44.30357    -30.440956  ]
  ...
  [  4.2795753    1.6153378 ]
  [  3.3008394    0.48482966]
  [ -1.2995728    1.2995734 ]]

 [[ 17.97125     -6.2586155 ]
  [  9.679426     0.7182163 ]
  [ 13.579996     9.479862  ]
  ...
  [ -1.0424109   10.009077  ]
  [ -5.7570486    8.129203  ]
  [ -1.2995728    1.2995734 ]]

 ...

 [[ 34.71692    -13.601799  ]
  [ 17.61647     -7.177814  ]
  [ 29.534678   -10.439806  ]
  ...
  [  0.16786242   2.4203486 ]
  [ -2.767541     4.755586  ]
  [ -2.1436515    4.269116  ]]

 [[  5.5355587   -0.3440957 ]
  [  1.8287703    0.2896297 ]
  [  9.56364     -5.4461255 ]
  ...
  [  6.431168    -0.9343226 ]
  [ 13.210927    -5.886701  ]
  [  8.970354    -2.4769244 ]]

 [[ 30.076529   -29.014975  ]
  [ 27.65239    -26.10533   ]
  [ 25.558704   -24.772772  ]
  ...
  [  7.969076    -2.0708303 ]
  [  7.6545115   -2.098651  ]
  [  3.733817     0.521235  ]]]
pred: [0 0 0 0 0 0 0 0 0 0 0 0 0 0 0 0 0 0 0 0 0 0 0 1 0 0 0 0 0 0 0 0 0 0 0 0 0
 0 0 0 0 0 0 0 0 0 0 0 0 0 0 0 0 0 0 0 0 0 0 0 0 0 0 0 0 0 0 0 0 0 0 0 0 0
 0 0 0 0 0 0 0 0 0 0 0 0 0 0 1 0 0 0 0 0 0 0 0 0 0 0 0 0 0 0 0 0 0 0 0 0 0
 0 0 0 0 0 0 0 1 0 0 0 1 0 0 0 0 0]
pred[0].item(): 0
adj: %0 = multiply(meta[relay.Constant][1], meta[relay.Constant][2]);
multiply(meta[relay.Constant][0], %0)

OK3
OK4
OK5
OK6
OK7
OK3
OK4
OK5
OK6
OK7
OK1
OK2
OK3
OK4
min time is 1.430511474609375e-06
max time is 2.2411346435546875e-05
median time is 1.6689300537109375e-06
logits_tvm: [[[-1.8310046e-01  1.3966626e+00]
  [ 3.9954901e-02  3.1251767e+00]
  [ 1.0065607e+01 -3.4671307e+00]
  ...
  [ 1.3078851e+01 -7.1903291e+00]
  [ 1.7814920e+01 -7.8662066e+00]
  [ 6.0562181e+00 -4.1585946e-01]]

 [[ 5.1524620e+00  6.9522858e-01]
  [-1.4740231e+00  6.8345966e+00]
  [ 7.3953927e-01  4.3265719e+00]
  ...
  [ 6.6325615e+01 -6.0037712e+01]
  [ 3.0792801e+01 -2.8354912e+01]
  [ 5.2615520e+01 -4.7499699e+01]]

 [[ 4.6248655e+00 -2.0386500e+00]
  [ 2.8115640e+00 -1.5184395e+00]
  [ 5.8356161e+00 -1.5104177e+00]
  ...
  [-1.7621266e+00  6.0787511e+00]
  [ 2.0409681e+01 -1.3363762e+01]
  [ 7.0285463e+00 -1.1899831e+00]]

 ...

 [[-1.0650296e+00  5.7809765e+01]
  [ 1.6381317e+01  4.9544544e+00]
  [-3.8018537e+00  1.2890236e+01]
  ...
  [ 2.2351126e+01 -9.6488781e+00]
  [ 9.0344019e+00 -3.0997887e+00]
  [-3.2773042e-01  2.5418360e+00]]

 [[ 2.2246494e+00  1.6473165e+00]
  [ 1.0920883e+00  4.9573479e+00]
  [ 3.2862220e+00  8.1354511e-01]
  ...
  [ 3.3589970e+01 -2.7501534e+01]
  [ 1.1617798e+01 -9.2501354e+00]
  [ 3.0251553e+01 -2.5436968e+01]]

 [[ 1.3781661e+01 -8.4496231e+00]
  [ 1.3940524e+01 -8.1445713e+00]
  [ 8.8153591e+00 -3.8231153e+00]
  ...
  [ 1.2758304e+01 -8.9028683e+00]
  [ 3.5566998e-01  4.2226191e+00]
  [ 2.4551749e-02  4.9476571e+00]]]
pred: [0 0 0 0 0 0 0 0 0 0 0 0 0 0 0 0 0 0 0 0 0 0 0 0 0 0 0 0 0 0 0 0 0 1 0 0 0
 0 0 0 0 0 0 0 0 0 0 0 0 0 0 0 0 0 0 1 0 0 0 0 0 0 0 0 0 0 0 0 0 0 0 0 0 0
 0 0 0 0 0 0 0 0 0 0 0 0 0 0 0 0 0 0 0 0 0 0 0 0 0 0 0 0 0 0 0 0 0 0 0 0 1
 0 0 0 0 0 0 0 0 0 0 0 0 0 0 0 0 0]
pred[0].item(): 0
adj: %0 = multiply(meta[relay.Constant][1], meta[relay.Constant][2]);
multiply(meta[relay.Constant][0], %0)

OK3
OK4
OK5
OK6
OK7
OK3
OK4
OK5
OK6
OK7
OK1
OK2
OK3
OK4
min time is 1.430511474609375e-06
max time is 6.9141387939453125e-06
median time is 1.9073486328125e-06
logits_tvm: [[[  5.4254375   -1.5590537 ]
  [  4.5892735   -1.0819995 ]
  [  1.9513084   -0.41136503]
  ...
  [  7.4419174   -2.4655285 ]
  [ 13.203924    -7.9177938 ]
  [ 17.518276   -11.532631  ]]

 [[  4.057837     1.8193362 ]
  [ 19.1789      -7.9736304 ]
  [ -3.5268025    6.178347  ]
  ...
  [ 22.967812    -9.829609  ]
  [ 22.930496    -9.752436  ]
  [ 46.33515    -22.404305  ]]

 [[  4.9520473   -2.5405626 ]
  [  9.725532    -6.5626636 ]
  [ 29.42601    -22.449383  ]
  ...
  [  5.554963    -1.7488961 ]
  [ -5.2784886    6.2017117 ]
  [ 23.281605   -17.038673  ]]

 ...

 [[ -1.2750213    4.2289257 ]
  [ 10.673856    -6.9375806 ]
  [ 18.284815   -12.259666  ]
  ...
  [ 13.938781    -7.700689  ]
  [  4.5604906   -0.9388058 ]
  [ -6.7730045    8.431364  ]]

 [[ -1.7692139    3.739501  ]
  [ -2.357645     4.1861258 ]
  [  0.36381614   2.9195755 ]
  ...
  [ -0.8029481    3.0685265 ]
  [  2.5788245   -1.7411327 ]
  [  9.463963    -0.94876933]]

 [[  5.724229    -2.2504132 ]
  [  1.5417708    1.4369066 ]
  [  8.32488     -3.7653255 ]
  ...
  [ -2.4492517    4.676962  ]
  [ -5.960199     8.024925  ]
  [ -6.935642     8.803795  ]]]
pred: [0 0 0 0 0 0 0 0 0 0 0 0 0 0 0 0 0 0 0 0 0 0 0 0 0 0 0 0 0 0 0 0 0 0 0 0 0
 0 0 0 0 0 0 0 0 0 0 0 0 0 0 0 0 0 0 0 1 0 0 0 0 0 0 0 0 0 0 0 0 0 1 0 0 0
 0 0 0 0 0 0 0 0 0 0 0 0 0 0 0 0 0 0 0 0 1 0 0 0 0 0 0 0 0 0 0 0 0 0 0 0 0
 0 0 0 0 0 0 0 0 0 0 0 0 0 0 0 0 0]
pred[0].item(): 0
adj: %0 = multiply(meta[relay.Constant][1], meta[relay.Constant][2]);
multiply(meta[relay.Constant][0], %0)

OK3
OK4
OK5
OK6
OK7
OK3
OK4
OK5
OK6
OK7
OK1
OK2
OK3
OK4
min time is 1.430511474609375e-06
max time is 2.2649765014648438e-05
median time is 1.6689300537109375e-06
logits_tvm: [[[  5.638454    -0.92053103]
  [  5.4659295   -0.9972422 ]
  [  2.5881605    0.7301734 ]
  ...
  [ -1.2995728    1.2995734 ]
  [ -1.2995728    1.2995734 ]
  [ -1.2995728    1.2995734 ]]

 [[-38.831776    68.56969   ]
  [ -1.9967046    3.750145  ]
  [ -1.9967046    3.750145  ]
  ...
  [ -1.2995728    1.2995734 ]
  [ -1.2995728    1.2995734 ]
  [ -1.2995728    1.2995734 ]]

 [[  5.757561    -1.5149808 ]
  [  9.530812    -3.6675124 ]
  [  8.289329    -3.4804788 ]
  ...
  [ -1.2995728    1.2995734 ]
  [ -1.2995728    1.2995734 ]
  [ -1.2995728    1.2995734 ]]

 ...

 [[ 58.12371    -41.883183  ]
  [ 24.229843   -14.332386  ]
  [ 13.948327    -7.3099008 ]
  ...
  [ 71.51377    -69.64505   ]
  [ 34.79603    -33.874916  ]
  [ 76.6978     -74.7487    ]]

 [[ 22.887627   -21.921963  ]
  [ 43.7109     -42.51233   ]
  [ 29.06418    -28.219414  ]
  ...
  [ 25.590593    -7.838203  ]
  [ 10.51048     -1.8392668 ]
  [ 35.208702   -16.912287  ]]

 [[ 24.48713    -23.748697  ]
  [ 16.647572   -15.977856  ]
  [  7.9621515   -7.3510737 ]
  ...
  [ 10.66554     -2.5458336 ]
  [ 11.660763    -4.849408  ]
  [  3.6263957   18.604412  ]]]
pred: [0 1 1 1 0 1 1 1 0 0 0 0 1 1 1 0 1 1 0 0 1 0 0 0 0 1 1 1 1 0 1 0 1 1 1 1 0
 0 1 0 1 1 1 1 1 1 1 1 1 0 1 1 1 0 1 0 1 1 1 1 1 0 0 1 1 1 1 0 1 0 0 0 0 0
 0 0 0 0 0 0 0 0 0 0 0 0 0 0 0 0 0 0 0 0 0 0 0 0 0 0 0 0 0 0 0 0 0 0 0 0 0
 0 0 0 0 0 0 0 0 0 0 0 0 0 0 0 0 0]
pred[0].item(): 0
adj: %0 = multiply(meta[relay.Constant][1], meta[relay.Constant][2]);
multiply(meta[relay.Constant][0], %0)

OK3
OK4
OK5
OK6
OK7
OK3
OK4
OK5
OK6
OK7
OK1
OK2
OK3
OK4
min time is 1.430511474609375e-06
max time is 2.1696090698242188e-05
median time is 1.6689300537109375e-06
logits_tvm: [[[  11.9456415  -11.315769 ]
  [   4.8172927   -4.19818  ]
  [   3.2686696   -2.4074738]
  ...
  [  -1.2995728    1.2995734]
  [  -1.2995728    1.2995734]
  [  -1.2995728    1.2995734]]

 [[   0.5916554    2.1223998]
  [  13.081773    -6.1643286]
  [   1.3975288    0.7682361]
  ...
  [  -1.2995728    1.2995734]
  [  -1.2995728    1.2995734]
  [  -1.2995728    1.2995734]]

 [[   8.55894     -5.1554427]
  [  17.288807   -10.486261 ]
  [   8.13408     -4.726958 ]
  ...
  [  -1.2995728    1.2995734]
  [  -1.2995728    1.2995734]
  [  -1.2995728    1.2995734]]

 ...

 [[  81.65986    -63.87402  ]
  [  39.22864    -31.850042 ]
  [  66.02522    -53.423317 ]
  ...
  [ 101.05258    -98.68168  ]
  [  92.507126   -90.36372  ]
  [  -1.2995728    1.2995734]]

 [[  35.45735    -28.541658 ]
  [  75.71772    -58.64265  ]
  [  89.22041    -68.42027  ]
  ...
  [  93.78433    -91.4458   ]
  [ 114.043106  -110.83565  ]
  [  61.33382    -59.518417 ]]

 [[  17.565025   -10.264717 ]
  [  26.857786   -17.374651 ]
  [  29.304482   -18.539228 ]
  ...
  [  23.234085   -19.143448 ]
  [  26.50798    -21.464493 ]
  [  12.690683   -10.156061 ]]]
pred: [0 0 0 0 0 0 0 0 0 0 0 0 0 0 0 0 0 0 0 0 0 0 0 0 0 0 0 0 0 0 0 0 0 0 0 0 0
 0 0 0 0 0 0 0 0 0 0 0 0 0 0 0 0 0 0 0 0 0 0 0 0 0 0 0 0 0 0 0 0 0 0 0 0 0
 0 0 0 0 0 0 0 0 0 0 0 0 0 0 0 0 0 0 0 0 0 0 0 0 0 0 0 0 0 0 0 0 0 0 0 0 0
 0 0 0 0 0 0 0 0 0 0 0 0 0 0 0 0 0]
pred[0].item(): 0
adj: %0 = multiply(meta[relay.Constant][1], meta[relay.Constant][2]);
multiply(meta[relay.Constant][0], %0)

OK3
OK4
OK5
OK6
OK7
OK3
OK4
OK5
OK6
OK7
OK1
OK2
OK3
OK4
min time is 1.430511474609375e-06
max time is 6.4373016357421875e-06
median time is 1.6689300537109375e-06
logits_tvm: [[[ 1.3849357e+01 -6.8592629e+00]
  [ 3.7811012e+00 -9.2506409e-04]
  [ 9.0791855e+00 -4.3526621e+00]
  ...
  [-1.2995728e+00  1.2995734e+00]
  [-1.2995728e+00  1.2995734e+00]
  [-1.2995728e+00  1.2995734e+00]]

 [[ 6.5324844e+01 -5.3150959e+01]
  [ 4.6657276e+01 -3.7060810e+01]
  [ 5.6219822e+01 -4.2247086e+01]
  ...
  [-1.2995728e+00  1.2995734e+00]
  [-1.2995728e+00  1.2995734e+00]
  [-1.2995728e+00  1.2995734e+00]]

 [[ 3.5144646e+01 -2.8482748e+01]
  [ 2.8800863e+01 -2.3365589e+01]
  [ 3.7367073e+01 -3.0173777e+01]
  ...
  [-1.2995728e+00  1.2995734e+00]
  [-1.2995728e+00  1.2995734e+00]
  [-1.2995728e+00  1.2995734e+00]]

 ...

 [[ 3.1309814e+00  3.2644715e+00]
  [ 9.8017006e+00 -2.6334519e+00]
  [ 3.1369362e+01 -1.7817152e+01]
  ...
  [ 5.3965576e+01 -4.3519840e+01]
  [ 1.7507229e+01 -1.1122759e+01]
  [-1.2995728e+00  1.2995734e+00]]

 [[ 5.6861031e+01 -5.1596954e+01]
  [ 5.1519447e+01 -4.7385887e+01]
  [ 8.7250496e+01 -8.1672867e+01]
  ...
  [ 1.0816483e+02 -7.3184250e+01]
  [ 8.2317093e+01 -5.0345375e+01]
  [ 4.6926399e+01 -2.6303154e+01]]

 [[ 6.5952082e+00 -2.9358196e-01]
  [ 4.7708889e+01 -2.7089718e+01]
  [ 1.9869926e+01 -1.1712194e+01]
  ...
  [ 3.6143448e+01 -1.9808619e+01]
  [ 4.2407490e+01 -2.5720158e+01]
  [ 2.9088217e+01 -1.0780390e+01]]]
pred: [0 0 0 0 0 0 0 0 0 0 0 0 0 0 0 0 0 0 0 0 0 0 0 0 0 0 0 0 0 0 0 0 0 0 0 0 0
 0 0 0 0 0 0 0 0 0 0 0 0 0 0 0 0 0 0 0 0 0 0 0 0 0 0 0 0 0 0 0 0 0 0 0 0 0
 0 0 0 0 0 0 0 0 0 0 0 0 0 0 0 0 0 0 0 0 0 0 0 0 0 0 0 0 0 0 0 0 0 0 0 0 0
 0 0 0 0 0 0 0 0 0 0 0 0 0 0 0 0 0]
pred[0].item(): 0
adj: %0 = multiply(meta[relay.Constant][1], meta[relay.Constant][2]);
multiply(meta[relay.Constant][0], %0)

OK3
OK4
OK5
OK6
OK7
OK3
OK4
OK5
OK6
OK7
OK1
OK2
OK3
OK4
min time is 1.430511474609375e-06
max time is 7.152557373046875e-06
median time is 1.6689300537109375e-06
logits_tvm: [[[ 2.3549347e+02 -2.3003438e+02]
  [ 1.2426938e+02 -1.2141079e+02]
  [ 1.1479298e+02 -1.1213621e+02]
  ...
  [-1.2995728e+00  1.2995734e+00]
  [-1.2995728e+00  1.2995734e+00]
  [-1.2995728e+00  1.2995734e+00]]

 [[ 9.4336748e+00 -8.4760399e+00]
  [ 1.5899001e+01 -1.3301907e+01]
  [ 2.2062268e+00  1.8153453e-01]
  ...
  [-1.2995728e+00  1.2995734e+00]
  [-1.2995728e+00  1.2995734e+00]
  [-1.2995728e+00  1.2995734e+00]]

 [[ 9.8473297e+01 -7.4896973e+01]
  [ 4.1771523e+01 -3.1801565e+01]
  [ 4.1518875e+01 -3.1618532e+01]
  ...
  [-1.2995728e+00  1.2995734e+00]
  [-1.2995728e+00  1.2995734e+00]
  [-1.2995728e+00  1.2995734e+00]]

 ...

 [[ 9.6241165e+01 -9.4136932e+01]
  [ 1.9024124e+02 -1.8605183e+02]
  [ 1.4598149e+02 -1.4219815e+02]
  ...
  [ 1.4584364e+02 -3.0365303e+01]
  [ 1.5214259e+02 -3.7077217e+01]
  [ 1.4921198e+02 -3.2031364e+01]]

 [[ 3.8161137e+01 -2.3504509e+01]
  [ 6.6712303e+01 -4.0346272e+01]
  [ 6.8409859e+01 -4.9351833e+01]
  ...
  [ 2.9495416e+02 -1.5970009e+02]
  [ 2.8870178e+02 -1.5430916e+02]
  [ 2.9881323e+02 -1.6496085e+02]]

 [[ 1.0188479e+02 -9.7705940e+01]
  [ 1.2535634e+02 -1.2053427e+02]
  [ 1.5120464e+02 -1.4490958e+02]
  ...
  [ 1.6023029e+02 -1.2617292e+02]
  [ 3.3135284e+01 -1.3468027e+01]
  [ 1.7404831e+02 -1.6855505e+02]]]
pred: [0 0 0 0 0 0 0 0 0 0 0 0 0 0 0 0 0 0 0 0 0 0 0 0 0 0 0 0 0 0 0 0 0 0 0 0 0
 0 0 0 0 0 0 0 0 0 0 0 0 0 0 0 0 0 0 0 0 0 0 0 0 0 0 0 0 0 0 0 0 0 0 0 0 0
 0 0 0 0 0 0]
pred[0].item(): 0
num:  2000.0
Test accuracy of TVM results: 34.15%
Min model inference total time:  2.3126602172851562e-05
Median model inference total time:  2.8133392333984375e-05
Max model inference total time:  0.00015592575073242188
