dgl_g:  (Graph(num_nodes=13, num_edges=26,
      ndata_schemes={'_ID': Scheme(shape=(), dtype=torch.int64), 'node_attr': Scheme(shape=(3,), dtype=torch.float64), 'node_labels': Scheme(shape=(1,), dtype=torch.int64)}
      edata_schemes={'_ID': Scheme(shape=(), dtype=torch.int64)}), tensor([1]))
dgl_g[0]:  Graph(num_nodes=13, num_edges=26,
      ndata_schemes={'_ID': Scheme(shape=(), dtype=torch.int64), 'node_attr': Scheme(shape=(3,), dtype=torch.float64), 'node_labels': Scheme(shape=(1,), dtype=torch.int64)}
      edata_schemes={'_ID': Scheme(shape=(), dtype=torch.int64)})
adj: %0 = multiply(meta[relay.Constant][1], meta[relay.Constant][2]);
multiply(meta[relay.Constant][0], %0)

OK3
OK4
OK5
OK6
OK7
OK3
OK4
OK5
OK6
OK7
OK1
OK2
OK3
OK4
min time is 1.430511474609375e-06
max time is 5.9604644775390625e-06
median time is 1.6689300537109375e-06
logits_tvm: [[[-2.0939534   1.0051472 ]
  [-2.140186    0.7662971 ]
  [-1.8430507   1.3078184 ]
  ...
  [-0.5593975   0.55939746]
  [-0.5593975   0.55939746]
  [-0.5593975   0.55939746]]

 [[-2.306107    1.1001916 ]
  [-2.16581     0.5831487 ]
  [-1.5579941   0.5881786 ]
  ...
  [-0.5593975   0.55939746]
  [-0.5593975   0.55939746]
  [-0.5593975   0.55939746]]

 [[-1.8371997   0.6813717 ]
  [-2.0136502   0.55516326]
  [-1.9918082   1.4341061 ]
  ...
  [-0.5593975   0.55939746]
  [-0.5593975   0.55939746]
  [-0.5593975   0.55939746]]

 ...

 [[ 0.3848583  -0.4244808 ]
  [-1.5704949   0.30032688]
  [-0.45650947 -0.55602837]
  ...
  [13.018112   -9.172313  ]
  [ 3.6812913  -4.4958086 ]
  [-0.6512205  -2.5470064 ]]

 [[ 0.34225744 -0.3469808 ]
  [-1.6091611   0.40318462]
  [-0.47145483 -0.51161563]
  ...
  [ 2.9908822  -4.211423  ]
  [12.373874   -9.132718  ]
  [12.989503   -7.486904  ]]

 [[ 0.43880373 -0.42165506]
  [-1.5377603   0.30817184]
  [-0.45050037 -0.550316  ]
  ...
  [12.976102   -9.185409  ]
  [ 3.6473653  -4.4732847 ]
  [-0.6531463  -2.5456364 ]]]
pred: [1 1 1 1 1 1 1 0 1 1 0 0 0 0 1 0 0 0 0 0 0 0 0 0 0 0 0 0 0 0 0 0 0 0 0 0 0
 0 0 0 0 0 0 0 0 0 0 0 0 0 0 0 0 0 0 0 0 0 0 0 0 0 0 0 0 0 0 0 0 0 0 0 0 0
 0 0 0 0 0 0 0 0 0 0 0 0 0 0 0 0 0 0 0 0 0 0 0 0 0 0 0 0 0 0 0 0 0 0 0 0 0
 0 0 0 0 0 0 0 0 0 0 0 0 0 0 0 0 0]
pred[0].item(): 1
adj: %0 = multiply(meta[relay.Constant][1], meta[relay.Constant][2]);
multiply(meta[relay.Constant][0], %0)

OK3
OK4
OK5
OK6
OK7
OK3
OK4
OK5
OK6
OK7
OK1
OK2
OK3
OK4
min time is 1.430511474609375e-06
max time is 1.9311904907226562e-05
median time is 1.6689300537109375e-06
logits_tvm: [[[ 3.08193326e-01 -3.49123836e-01]
  [-1.53365552e+00  3.16743851e-01]
  [-2.94398606e-01 -8.02010655e-01]
  ...
  [-5.59397519e-01  5.59397459e-01]
  [-5.59397519e-01  5.59397459e-01]
  [-5.59397519e-01  5.59397459e-01]]

 [[ 2.44648397e-01 -2.54247844e-01]
  [-1.56959748e+00  3.92750919e-01]
  [-3.33730370e-01 -7.45341897e-01]
  ...
  [-5.59397519e-01  5.59397459e-01]
  [-5.59397519e-01  5.59397459e-01]
  [-5.59397519e-01  5.59397459e-01]]

 [[-3.84840441e+00  4.53935593e-01]
  [-3.74538994e+00 -1.61323547e-02]
  [-3.49459195e+00 -7.73746490e-01]
  ...
  [-5.59397519e-01  5.59397459e-01]
  [-5.59397519e-01  5.59397459e-01]
  [-5.59397519e-01  5.59397459e-01]]

 ...

 [[-1.50717044e+00  9.61545110e-02]
  [-2.77693987e+00 -2.70543265e+00]
  [-1.68014884e+00 -2.11185813e-01]
  ...
  [-7.35029697e+00 -8.77907848e+00]
  [-5.40237141e+00 -5.33862019e+00]
  [-4.51271296e+00 -6.21864700e+00]]

 [[-1.18277550e+00  8.52317691e-01]
  [-2.48232245e+00  1.45561838e+00]
  [ 5.09749830e-01  2.50920057e-01]
  ...
  [ 1.54879541e+01 -2.32524338e+01]
  [ 1.40298090e+01 -1.74872856e+01]
  [ 1.42618885e+01 -1.48125153e+01]]

 [[-9.29766297e-02 -6.47023320e-01]
  [-1.85913372e+00 -1.19242072e-01]
  [-1.11401725e+00 -8.87047768e-01]
  ...
  [ 9.17542744e+00 -3.09146190e+00]
  [ 9.44162560e+00 -2.17687201e+00]
  [ 2.01252537e+01 -7.56739330e+00]]]
pred: [0 0 0 0 0 0 0 0 0 0 0 0 0 0 0 0 0 0 0 0 0 0 0 0 0 0 0 0 0 0 0 0 0 0 0 0 0
 0 0 0 0 0 0 0 0 0 0 0 0 0 0 0 0 0 0 0 0 0 0 0 0 0 0 0 0 0 0 0 0 0 0 0 0 0
 0 0 0 0 0 0 0 0 0 0 0 0 0 0 0 0 0 0 0 0 0 0 0 0 0 0 0 0 0 0 0 0 0 0 0 0 0
 0 0 0 0 0 0 0 0 0 0 0 0 0 0 0 0 0]
pred[0].item(): 0
adj: %0 = multiply(meta[relay.Constant][1], meta[relay.Constant][2]);
multiply(meta[relay.Constant][0], %0)

OK3
OK4
OK5
OK6
OK7
OK3
OK4
OK5
OK6
OK7
OK1
OK2
OK3
OK4
min time is 1.430511474609375e-06
max time is 6.198883056640625e-06
median time is 1.6689300537109375e-06
logits_tvm: [[[-1.2274566e-01 -3.6702573e-01]
  [-2.1163900e+00  4.1681468e-01]
  [-1.3011181e+00 -5.2043676e-02]
  ...
  [-5.5939752e-01  5.5939746e-01]
  [-5.5939752e-01  5.5939746e-01]
  [-5.5939752e-01  5.5939746e-01]]

 [[-2.5274098e-02 -5.1463377e-01]
  [-2.1126683e+00  4.3028605e-01]
  [-1.2537990e+00 -4.9158275e-02]
  ...
  [-5.5939752e-01  5.5939746e-01]
  [-5.5939752e-01  5.5939746e-01]
  [-5.5939752e-01  5.5939746e-01]]

 [[ 2.2151691e-01 -9.3577814e-01]
  [-2.0101712e+00  8.0934584e-02]
  [-1.4309123e+00 -2.5063235e-01]
  ...
  [-5.5939752e-01  5.5939746e-01]
  [-5.5939752e-01  5.5939746e-01]
  [-5.5939752e-01  5.5939746e-01]]

 ...

 [[-3.7903059e-01 -1.1065120e+00]
  [-1.8565745e+00 -7.7220440e-01]
  [-1.5493152e+00 -3.3358932e-01]
  ...
  [ 5.9065182e+01 -4.9375637e+01]
  [ 5.6114361e+01 -4.4535652e+01]
  [ 5.5981339e+01 -4.7548229e+01]]

 [[-3.8393414e+00 -2.2610214e+00]
  [-1.7504852e+00 -3.8574240e+00]
  [ 1.6136434e+00 -5.1049232e+00]
  ...
  [ 1.0168677e+02 -8.3389198e+01]
  [ 9.9590866e+01 -7.9652756e+01]
  [ 1.0067462e+02 -8.3782539e+01]]

 [[-6.5730035e-01 -3.5856102e+00]
  [ 1.0796487e-01 -4.4618502e+00]
  [ 2.6347718e+00 -4.9564772e+00]
  ...
  [ 1.8871859e+01 -2.5190861e+01]
  [ 9.9955778e+00 -1.5560037e+01]
  [ 1.2677453e+01 -1.6603128e+01]]]
pred: [0 0 0 0 0 0 0 0 0 0 0 0 0 0 0 0 0 0 0 0 0 0 0 0 0 0 0 0 0 0 0 0 0 0 0 0 0
 0 0 0 0 0 0 0 0 0 0 0 0 0 0 0 0 0 0 0 0 0 0 0 0 0 0 0 0 0 0 0 0 0 0 0 0 0
 0 0 0 0 0 0 0 0 0 0 0 0 0 0 0 0 0 0 0 0 0 0 0 0 0 0 0 0 0 0 0 0 0 0 0 0 0
 0 0 0 0 0 0 0 0 0 0 0 0 0 0 0 0 0]
pred[0].item(): 0
adj: %0 = multiply(meta[relay.Constant][1], meta[relay.Constant][2]);
multiply(meta[relay.Constant][0], %0)

OK3
OK4
OK5
OK6
OK7
OK3
OK4
OK5
OK6
OK7
OK1
OK2
OK3
OK4
min time is 1.430511474609375e-06
max time is 6.4373016357421875e-06
median time is 1.6689300537109375e-06
logits_tvm: [[[-9.6856266e-01 -1.5187562e+00]
  [-4.0098974e-01 -2.0817509e+00]
  [ 4.0767688e-01 -1.9901187e+00]
  ...
  [-5.5939752e-01  5.5939746e-01]
  [-5.5939752e-01  5.5939746e-01]
  [-5.5939752e-01  5.5939746e-01]]

 [[-8.2864541e-01 -7.1312463e-01]
  [-1.5606647e+00 -9.2517972e-01]
  [-8.7152362e-01 -8.6287415e-01]
  ...
  [-5.5939752e-01  5.5939746e-01]
  [-5.5939752e-01  5.5939746e-01]
  [-5.5939752e-01  5.5939746e-01]]

 [[-9.1734803e-01 -5.3171754e-01]
  [-1.4574704e+00 -1.0063970e+00]
  [-7.6256478e-01 -9.1819525e-01]
  ...
  [-5.5939752e-01  5.5939746e-01]
  [-5.5939752e-01  5.5939746e-01]
  [-5.5939752e-01  5.5939746e-01]]

 ...

 [[-2.4450099e+00 -3.6935806e-01]
  [-3.5111980e+00 -3.2624650e-01]
  [-2.6853042e+00 -1.6006944e+00]
  ...
  [-5.5939752e-01  5.5939746e-01]
  [-5.5939752e-01  5.5939746e-01]
  [-5.5939752e-01  5.5939746e-01]]

 [[-2.4753213e-02 -2.7292657e+00]
  [-6.3109338e-01 -2.6985605e+00]
  [ 2.3436809e-01 -2.3510296e+00]
  ...
  [ 4.9051392e+01 -4.8093353e+01]
  [ 4.7253250e+01 -4.8410267e+01]
  [-5.5939752e-01  5.5939746e-01]]

 [[-2.7169174e-01 -6.3407173e+00]
  [-1.5168288e+00 -7.3735113e+00]
  [-2.2706025e+00 -8.1098003e+00]
  ...
  [ 1.6053160e+01  9.3700767e-02]
  [ 2.5791914e+01 -1.8071644e+00]
  [ 2.6246452e+01 -2.6976328e+00]]]
pred: [0 0 0 0 0 0 0 0 0 0 0 0 0 0 0 0 0 0 0 0 0]
pred[0].item(): 0
num:  405.0
Test accuracy of TVM results: 80.25%
Min model inference total time:  5.7220458984375e-06
Median model inference total time:  6.67572021484375e-06
Max model inference total time:  3.790855407714844e-05
