dgl_g:  (Graph(num_nodes=32, num_edges=68,
      ndata_schemes={'_ID': Scheme(shape=(), dtype=torch.int64), 'node_attr': Scheme(shape=(3,), dtype=torch.float64), 'node_labels': Scheme(shape=(1,), dtype=torch.int64)}
      edata_schemes={'_ID': Scheme(shape=(), dtype=torch.int64)}), tensor([1]))
dgl_g[0]:  Graph(num_nodes=32, num_edges=68,
      ndata_schemes={'_ID': Scheme(shape=(), dtype=torch.int64), 'node_attr': Scheme(shape=(3,), dtype=torch.float64), 'node_labels': Scheme(shape=(1,), dtype=torch.int64)}
      edata_schemes={'_ID': Scheme(shape=(), dtype=torch.int64)})
adj: %0 = multiply(meta[relay.Constant][1], meta[relay.Constant][2]);
multiply(meta[relay.Constant][0], %0)

OK3
OK4
OK5
OK6
OK7
OK3
OK4
OK5
OK6
OK7
OK1
OK2
OK3
OK4
min time is 1.430511474609375e-06
max time is 5.4836273193359375e-06
median time is 1.6689300537109375e-06
logits_tvm: [[[  0.89488494  -1.1642342 ]
  [  0.5528389   -0.37915164]
  [  1.0737787   -0.6044235 ]
  ...
  [  0.09927359  -0.0992735 ]
  [  0.09927359  -0.0992735 ]
  [  0.09927359  -0.0992735 ]]

 [[  1.4105985   -1.6347413 ]
  [  0.87528217  -0.35928053]
  [  1.1453251   -0.628974  ]
  ...
  [  0.09927359  -0.0992735 ]
  [  0.09927359  -0.0992735 ]
  [  0.09927359  -0.0992735 ]]

 [[ -0.25040063   0.27845547]
  [ -0.10347535   0.42036086]
  [  0.24476059   0.8466867 ]
  ...
  [  0.09927359  -0.0992735 ]
  [  0.09927359  -0.0992735 ]
  [  0.09927359  -0.0992735 ]]

 ...

 [[  1.2906644   -1.5456848 ]
  [  0.951249    -0.5593763 ]
  [  1.2881836   -0.7986042 ]
  ...
  [ -2.3522427    6.33165   ]
  [ -1.6980926    5.8252854 ]
  [ -4.0458765    4.3382006 ]]

 [[  1.2863275   -1.5411148 ]
  [  0.92209995  -0.5510823 ]
  [  1.2399107   -0.80874616]
  ...
  [  0.3035914    0.18690819]
  [ -4.5190597    7.6297116 ]
  [ -4.8417416    7.6872497 ]]

 [[  0.76828456  -0.71504265]
  [  1.4671923   -0.8212742 ]
  [  1.9228264   -1.1772728 ]
  ...
  [  7.887917   -11.038879  ]
  [  7.6650014  -10.443103  ]
  [  9.254702   -12.105399  ]]]
pred: [0 0 0 0 0 0 0 0 0 0 0 0 0 0 0 0 0 0 0 0 0 0 0 0 0 0 0 0 0 0 0 0 0 0 0 0 0
 0 0 0 0 0 0 0 0 0 0 0 0 0 0 0 0 0 0 0 0 0 0 0 0 0 0 0 0 0 0 0 0 0 0 0 0 0
 0 0 0 0 0 0 0 0 0 0 0 0 0 0 0 0 0 0 0 0 0 0 0 0 0 0 0 0 0 0 0 0 0 0 0 0 0
 0 0 0 0 0 0 0 0 0 0 0 0 0 0 0 0 0]
pred[0].item(): 0
adj: %0 = multiply(meta[relay.Constant][1], meta[relay.Constant][2]);
multiply(meta[relay.Constant][0], %0)

OK3
OK4
OK5
OK6
OK7
OK3
OK4
OK5
OK6
OK7
OK1
OK2
OK3
OK4
min time is 1.430511474609375e-06
max time is 6.67572021484375e-06
median time is 1.6689300537109375e-06
logits_tvm: [[[  1.2560915   -1.498311  ]
  [  0.98004186  -0.577512  ]
  [  1.3230687   -0.8385992 ]
  ...
  [  0.09927359  -0.0992735 ]
  [  0.09927359  -0.0992735 ]
  [  0.09927359  -0.0992735 ]]

 [[  2.6915784   -2.7626407 ]
  [  1.1107769   -0.7279067 ]
  [  1.3732188   -0.88397306]
  ...
  [  0.09927359  -0.0992735 ]
  [  0.09927359  -0.0992735 ]
  [  0.09927359  -0.0992735 ]]

 [[ -0.15895972   0.24621701]
  [ -0.321834     0.3993702 ]
  [ -0.56928825   0.84633505]
  ...
  [  0.09927359  -0.0992735 ]
  [  0.09927359  -0.0992735 ]
  [  0.09927359  -0.0992735 ]]

 ...

 [[  0.8669839   -0.77171415]
  [  1.3838941   -0.65530723]
  [  1.9089735   -1.1592395 ]
  ...
  [ -0.07410136   1.7685971 ]
  [ 27.032179   -34.309025  ]
  [ 26.66871    -33.35509   ]]

 [[  0.8543881   -0.7299405 ]
  [  1.4192256   -0.6361653 ]
  [  1.9757801   -1.1492534 ]
  ...
  [ 12.015902   -15.563506  ]
  [ 11.343098   -14.229915  ]
  [ 12.155529   -15.331509  ]]

 [[  0.8519225   -0.72606945]
  [  1.4233309   -0.64019823]
  [  1.9788953   -1.1528809 ]
  ...
  [ 11.947921   -15.533297  ]
  [ 11.327539   -14.25124   ]
  [ 12.126792   -15.346021  ]]]
pred: [0 0 0 0 0 0 0 0 0 0 0 0 0 0 0 0 0 0 0 0 0 0 0 0 0 0 0 0 0 0 0 0 0 0 0 0 0
 0 0 0 0 0 0 0 0 0 0 0 0 0 0 0 0 0 0 0 0 0 0 0 0 0 0 0 0 0 0 0 0 0 0 0 0 0
 0 0 0 0 0 0 0 0 0 0 0 0 0 0 0 0 0 0 0 0 0 0 0 0 0 0 0 0 0 0 0 0 0 0 0 0 0
 0 0 0 0 0 0 0 0 0 0 0 0 0 0 0 0 0]
pred[0].item(): 0
adj: %0 = multiply(meta[relay.Constant][1], meta[relay.Constant][2]);
multiply(meta[relay.Constant][0], %0)

OK3
OK4
OK5
OK6
OK7
OK3
OK4
OK5
OK6
OK7
OK1
OK2
OK3
OK4
min time is 1.430511474609375e-06
max time is 6.4373016357421875e-06
median time is 1.6689300537109375e-06
logits_tvm: [[[ 8.8133740e-01 -9.7126287e-01]
  [ 1.2049220e+00 -7.4152875e-01]
  [ 1.6415673e+00 -1.1784077e+00]
  ...
  [ 9.9273592e-02 -9.9273503e-02]
  [ 9.9273592e-02 -9.9273503e-02]
  [ 9.9273592e-02 -9.9273503e-02]]

 [[ 9.2761660e-01 -9.7568077e-01]
  [ 1.2134156e+00 -6.6816896e-01]
  [ 1.6350555e+00 -1.1530249e+00]
  ...
  [ 9.9273592e-02 -9.9273503e-02]
  [ 9.9273592e-02 -9.9273503e-02]
  [ 9.9273592e-02 -9.9273503e-02]]

 [[ 8.4264278e-01 -7.6378721e-01]
  [ 1.4234664e+00 -6.4278400e-01]
  [ 1.9658991e+00 -1.1505387e+00]
  ...
  [ 9.9273592e-02 -9.9273503e-02]
  [ 9.9273592e-02 -9.9273503e-02]
  [ 9.9273592e-02 -9.9273503e-02]]

 ...

 [[-6.3517421e-02  1.2199357e-01]
  [ 3.0870460e-02  8.1761628e-02]
  [ 3.5944140e-01  3.1790090e-01]
  ...
  [-2.9092147e+00  2.8474069e+00]
  [-2.6478646e+00  2.4833648e+00]
  [-2.2339926e+00  2.7400529e+00]]

 [[-8.0200642e-02  1.2512285e-01]
  [-9.6539408e-04  8.2750902e-02]
  [ 2.8491309e-01  3.1134829e-01]
  ...
  [-2.1967258e+00  2.7463036e+00]
  [-2.0482962e+00  6.5786810e+00]
  [-1.4889326e+00  6.0801840e+00]]

 [[-2.9327950e-01  3.6791742e-01]
  [ 2.9439759e-01  1.1318813e-01]
  [ 7.6132846e-01  6.0409373e-01]
  ...
  [ 1.0950533e+00 -1.1409061e+00]
  [ 2.5323623e-01  1.8048805e-01]
  [ 1.3058182e+00 -1.5921671e+00]]]
pred: [0 0 0 0 0 0 0 0 0 0 0 0 0 0 0 0 0 0 0 0 0 0 0 0 0 0 0 0 0 0 0 0 0 0 0 0 0
 0 0 0 0 0 0 0 0 0 0 0 0 0 0 0 0 0 0 0 0 0 0 0 1 0 0 0 0 0 0 0 0 0 0 0 0 0
 0 0 0 0 0 0 0 0 0 0 0 0 1 0 0 0 0 0 0 0 0 0 0 0 0 0 1 0 0 0 0 0 0 0 0 0 0
 0 0 0 0 0 0 0 0 0 0 0 0 0 1 0 0 0]
pred[0].item(): 0
adj: %0 = multiply(meta[relay.Constant][1], meta[relay.Constant][2]);
multiply(meta[relay.Constant][0], %0)

OK3
OK4
OK5
OK6
OK7
OK3
OK4
OK5
OK6
OK7
OK1
OK2
OK3
OK4
min time is 1.430511474609375e-06
max time is 6.67572021484375e-06
median time is 1.6689300537109375e-06
logits_tvm: [[[ 1.2813453e-01  5.8000511e-01]
  [ 8.6262739e-01  1.0658422e-01]
  [ 9.6666539e-01  5.2751386e-01]
  ...
  [ 9.9273592e-02 -9.9273503e-02]
  [ 9.9273592e-02 -9.9273503e-02]
  [ 9.9273592e-02 -9.9273503e-02]]

 [[ 2.2486912e-01 -4.4240543e-01]
  [ 6.2212199e-02 -4.8730664e-02]
  [ 4.9702972e-03  3.3755347e-01]
  ...
  [ 9.9273592e-02 -9.9273503e-02]
  [ 9.9273592e-02 -9.9273503e-02]
  [ 9.9273592e-02 -9.9273503e-02]]

 [[-1.2366064e-01  6.0605389e-01]
  [ 6.1064243e-01  2.1016353e-01]
  [ 7.2720969e-01  5.6732965e-01]
  ...
  [ 9.9273592e-02 -9.9273503e-02]
  [ 9.9273592e-02 -9.9273503e-02]
  [ 9.9273592e-02 -9.9273503e-02]]

 ...

 [[ 1.1697372e+01 -1.5213995e+01]
  [ 8.7864981e+00 -1.2290116e+01]
  [ 7.6603103e+00 -1.1096825e+01]
  ...
  [ 9.2804289e+00  1.0472022e+01]
  [ 7.2916584e+00  7.5779562e+00]
  [ 9.9273592e-02 -9.9273503e-02]]

 [[ 1.3084426e+00 -2.0619419e+00]
  [ 9.1118133e-01 -1.5430739e+00]
  [ 9.2969880e-02 -7.3554301e-01]
  ...
  [ 2.9806638e+00  2.2783756e+00]
  [ 1.6951544e+00  3.4155974e+00]
  [-1.5144548e-01  3.0402873e+00]]

 [[ 1.0823009e+00 -1.7537348e+00]
  [ 1.8507316e+00 -2.8619041e+00]
  [ 8.6556697e-01 -1.3490670e+00]
  ...
  [-3.4594481e+00  3.3373048e+00]
  [-2.9163489e+00  2.7716594e+00]
  [-3.8105264e+00  3.0272954e+00]]]
pred: [0 0 0 0 0 0 0 0 0 0 0 0 0 0 0 0 0 0 0 0 0 0 0 0 0 0 0 0 0 0 0 0 0 0 0 0 0
 0 0 0 0 0 0 0 0 0 0 0 0 0 0 0 0 0 0 0 0 0 0 0 0 0 0 0 0 0 0 0 0 0 0 0 0 0
 0 0 0 0 0 0 0 0 0]
pred[0].item(): 0
num:  467.0
Test accuracy of TVM results: 78.59%
Min model inference total time:  5.7220458984375e-06
Median model inference total time:  6.67572021484375e-06
Max model inference total time:  2.5272369384765625e-05
