dgl_g:  (Graph(num_nodes=20, num_edges=42,
      ndata_schemes={'_ID': Scheme(shape=(), dtype=torch.int64), 'node_attr': Scheme(shape=(3,), dtype=torch.float64), 'node_labels': Scheme(shape=(1,), dtype=torch.int64)}
      edata_schemes={'_ID': Scheme(shape=(), dtype=torch.int64)}), tensor([0]))
dgl_g[0]:  Graph(num_nodes=20, num_edges=42,
      ndata_schemes={'_ID': Scheme(shape=(), dtype=torch.int64), 'node_attr': Scheme(shape=(3,), dtype=torch.float64), 'node_labels': Scheme(shape=(1,), dtype=torch.int64)}
      edata_schemes={'_ID': Scheme(shape=(), dtype=torch.int64)})
adj: %0 = multiply(meta[relay.Constant][1], meta[relay.Constant][2]);
multiply(meta[relay.Constant][0], %0)

OK3
OK4
OK5
OK6
OK7
OK3
OK4
OK5
OK6
OK7
OK1
OK2
OK3
OK4
min time is 1.430511474609375e-06
max time is 5.4836273193359375e-06
median time is 1.6689300537109375e-06
logits_tvm: [[[  0.11068577  -0.2097454 ]
  [  0.61845326  -1.2443535 ]
  [ -0.4601342   -0.39346224]
  ...
  [ -0.26936504   0.26936483]
  [ -0.26936504   0.26936483]
  [ -0.26936504   0.26936483]]

 [[  0.1243206   -0.22768983]
  [  0.6267481   -1.2580898 ]
  [ -0.4557071   -0.3961903 ]
  ...
  [ -0.26936504   0.26936483]
  [ -0.26936504   0.26936483]
  [ -0.26936504   0.26936483]]

 [[  0.24390319  -0.3378483 ]
  [  0.72440267  -1.3504599 ]
  [ -0.4173432   -0.43864465]
  ...
  [ -0.26936504   0.26936483]
  [ -0.26936504   0.26936483]
  [ -0.26936504   0.26936483]]

 ...

 [[  2.466391    -3.276409  ]
  [  5.078187    -6.6328225 ]
  [  2.798742    -3.7249558 ]
  ...
  [  1.5959163   -1.9272215 ]
  [  9.198266   -12.02845   ]
  [  8.879541   -11.598242  ]]

 [[  3.800392    -3.9362926 ]
  [  5.6310587   -7.155134  ]
  [  2.2993555   -3.7483044 ]
  ...
  [  6.013811    -3.790618  ]
  [  8.907664   -12.439075  ]
  [ 10.519355   -12.726477  ]]

 [[  4.093878    -2.9300818 ]
  [  4.727283    -4.4664564 ]
  [  1.6120365   -2.7157927 ]
  ...
  [ -1.6684523    2.1056428 ]
  [ -2.1935868    2.6740372 ]
  [ -2.2957404    2.870491  ]]]
pred: [1 1 1 1 1 1 1 1 1 1 1 1 1 1 1 1 1 1 1 1 1 1 1 1 1 1 1 1 1 1 1 1 1 1 1 0 1
 1 1 1 1 1 1 0 1 1 1 1 1 1 1 1 1 1 1 1 1 1 1 1 1 1 1 1 1 1 1 1 0 1 1 1 1 1
 1 1 0 1 1 1 1 0 0 0 0 0 1 0 0 1 1 1 1 0 0 1 0 0 0 0 0 0 0 1 0 1 0 1 1 1 1
 0 1 0 0 0 0 1 0 0 0 0 0 0 0 0 0 0]
pred[0].item(): 1
adj: %0 = multiply(meta[relay.Constant][1], meta[relay.Constant][2]);
multiply(meta[relay.Constant][0], %0)

OK3
OK4
OK5
OK6
OK7
OK3
OK4
OK5
OK6
OK7
OK1
OK2
OK3
OK4
min time is 1.430511474609375e-06
max time is 6.4373016357421875e-06
median time is 1.6689300537109375e-06
logits_tvm: [[[ 3.734358   -3.107016  ]
  [ 3.7052517  -4.5017924 ]
  [ 0.8988658  -2.5096729 ]
  ...
  [-0.26936504  0.26936483]
  [-0.26936504  0.26936483]
  [-0.26936504  0.26936483]]

 [[ 2.8798695  -2.8112485 ]
  [ 4.331428   -4.78953   ]
  [ 2.0235445  -2.9459877 ]
  ...
  [-0.26936504  0.26936483]
  [-0.26936504  0.26936483]
  [-0.26936504  0.26936483]]

 [[ 1.9918473  -3.122733  ]
  [ 3.7800324  -5.3069415 ]
  [ 2.5753777  -3.6207306 ]
  ...
  [-0.26936504  0.26936483]
  [-0.26936504  0.26936483]
  [-0.26936504  0.26936483]]

 ...

 [[ 3.9315655  -1.9979784 ]
  [ 6.074605   -3.6413922 ]
  [ 4.0187907  -2.4743962 ]
  ...
  [ 1.8149047   0.41490784]
  [ 9.378645   -6.550699  ]
  [ 9.8547325  -6.5336432 ]]

 [[ 3.4379573  -1.6868919 ]
  [ 5.574958   -3.337748  ]
  [ 3.9856856  -2.346708  ]
  ...
  [ 1.1101012   1.0104821 ]
  [ 9.112965   -6.4274993 ]
  [ 8.545073   -6.0371585 ]]

 [[ 3.3840766  -1.6530465 ]
  [ 5.525347   -3.3114958 ]
  [ 3.9833844  -2.3371334 ]
  ...
  [ 0.9921049   1.1063051 ]
  [ 9.052063   -6.397324  ]
  [ 8.460939   -6.0017657 ]]]
pred: [1 1 0 1 1 0 1 1 0 1 0 1 1 0 0 0 1 1 1 1 1 1 1 1 1 1 1 1 1 1 1 0 1 1 0 0 1
 1 1 0 0 0 1 1 1 1 1 1 1 1 0 0 0 1 1 0 0 1 1 1 1 1 1 1 1 1 1 1 1 0 0 0 1 1
 0 0 1 0 0 1 1 1 1 1 1 1 1 1 1 1 1 1 1 1 1 1 1 1 1 0 1 1 1 1 1 0 1 1 1 1 1
 1 1 1 1 1 1 1 1 1 1 1 1 0 0 0 0 0]
pred[0].item(): 1
adj: %0 = multiply(meta[relay.Constant][1], meta[relay.Constant][2]);
multiply(meta[relay.Constant][0], %0)

OK3
OK4
OK5
OK6
OK7
OK3
OK4
OK5
OK6
OK7
OK1
OK2
OK3
OK4
min time is 1.430511474609375e-06
max time is 5.9604644775390625e-06
median time is 1.6689300537109375e-06
logits_tvm: [[[  5.4994164   -4.780043  ]
  [  6.8912296   -6.9101033 ]
  [  4.263363    -4.7402425 ]
  ...
  [ -0.26936504   0.26936483]
  [ -0.26936504   0.26936483]
  [ -0.26936504   0.26936483]]

 [[  4.39969     -5.0591903 ]
  [  6.330868    -7.4551105 ]
  [  4.131717    -5.23379   ]
  ...
  [ -0.26936504   0.26936483]
  [ -0.26936504   0.26936483]
  [ -0.26936504   0.26936483]]

 [[  5.536097    -4.7885346 ]
  [  6.932491    -6.918187  ]
  [  4.2986846   -4.7511625 ]
  ...
  [ -0.26936504   0.26936483]
  [ -0.26936504   0.26936483]
  [ -0.26936504   0.26936483]]

 ...

 [[  2.309482    -5.0670958 ]
  [  2.444658    -7.054815  ]
  [ -0.08734611  -4.7553663 ]
  ...
  [ -9.591433    15.809969  ]
  [ -8.874367    14.3716755 ]
  [ -0.26936504   0.26936483]]

 [[ -0.77546394   1.3417764 ]
  [ -0.4115414    0.7057755 ]
  [  0.41378954  -0.47135156]
  ...
  [ 18.175644   -18.34267   ]
  [ 18.472277   -18.574245  ]
  [ -0.26936504   0.26936483]]

 [[  1.432833    -2.6235735 ]
  [  3.3008318   -4.763442  ]
  [  2.5681174   -3.279658  ]
  ...
  [ -2.162168     3.1392531 ]
  [ -3.3188527    2.8506057 ]
  [ -1.9915926    2.6476462 ]]]
pred: [0 0 0 0 1 1 1 0 0 1 0 0 0 0 0 0 1 1 1 1 0 0 1 1 1 1 1 0 0 0 0 1 1 0 1 0 0
 0 0 1 1 1 1 0 0 0 0 0 0 0 1 0 0 0 0 1 1 1 1 1 1 1 1 1 1 1 0 0 1 0 0 0 0 0
 0 0 0 0 0 0 1 1 0 1 0 1 1 1 1 1 1 1 1 1 1 1 1 0 1 0 1 0 0 0 0 1 0 0 1 0 1
 1 1 0 0 1 1 1 0 1 1 1 1 1 1 1 1 0]
pred[0].item(): 0
adj: %0 = multiply(meta[relay.Constant][1], meta[relay.Constant][2]);
multiply(meta[relay.Constant][0], %0)

OK3
OK4
OK5
OK6
OK7
OK3
OK4
OK5
OK6
OK7
OK1
OK2
OK3
OK4
min time is 1.430511474609375e-06
max time is 6.198883056640625e-06
median time is 1.6689300537109375e-06
logits_tvm: [[[ 1.317564   -2.5553725 ]
  [ 1.3954914  -3.6236992 ]
  [ 1.0185199  -2.7615023 ]
  ...
  [-0.26936504  0.26936483]
  [-0.26936504  0.26936483]
  [-0.26936504  0.26936483]]

 [[ 1.4387306  -2.4161298 ]
  [ 1.9503825  -3.5496266 ]
  [ 0.7059927  -2.5093682 ]
  ...
  [-0.26936504  0.26936483]
  [-0.26936504  0.26936483]
  [-0.26936504  0.26936483]]

 [[ 1.3675631  -2.57356   ]
  [ 1.4806494  -3.6511283 ]
  [ 1.0601964  -2.7740715 ]
  ...
  [-0.26936504  0.26936483]
  [-0.26936504  0.26936483]
  [-0.26936504  0.26936483]]

 ...

 [[ 4.0607486  -4.8399134 ]
  [ 6.277244   -7.2412357 ]
  [ 4.169473   -5.083493  ]
  ...
  [ 0.08330694 -0.5890417 ]
  [-0.8899723  -0.4492694 ]
  [-0.97814703  0.40144026]]

 [[ 4.3515577  -4.553117  ]
  [ 4.667942   -6.4174094 ]
  [ 1.9164927  -4.2099013 ]
  ...
  [-0.1442439   0.34753364]
  [ 0.34487703 -0.6337163 ]
  [-0.51076335  0.03877217]]

 [[ 3.8048556  -5.2550597 ]
  [ 5.9086933  -7.8012834 ]
  [ 4.264562   -5.6834474 ]
  ...
  [-5.973115    3.0611043 ]
  [-6.5493484   3.019302  ]
  [-6.608651    2.74391   ]]]
pred: [1 1 1 0 0 1 1 0 1 0 1 1 1 0 0 1 0 0 1 0 0 0 1 1 1 1 1 0 1 1 1 1 1 1 1 1 1
 1 1 1 0 1 0 1 0 0 0 0 0 0 0 1 0 0 0 0 1 0 0 0 1 0 0 1 0 1 0 1 1 0 1 1 0 1
 1 1 0 1 1 1 0 0 0 1 0 1 0 0 0 0 1 0 0 0 0 0 0 0 0 1 1 1 0 0 1 1 1 1 0 1 0
 1 1 1 0 1 1 0 1 0 0 1 1 1 1 0 0 0]
pred[0].item(): 1
adj: %0 = multiply(meta[relay.Constant][1], meta[relay.Constant][2]);
multiply(meta[relay.Constant][0], %0)

OK3
OK4
OK5
OK6
OK7
OK3
OK4
OK5
OK6
OK7
OK1
OK2
OK3
OK4
min time is 1.430511474609375e-06
max time is 6.67572021484375e-06
median time is 1.6689300537109375e-06
logits_tvm: [[[  2.180106    -2.8130238 ]
  [  5.0562243   -6.0312304 ]
  [  2.987193    -3.5688865 ]
  ...
  [ -0.26936504   0.26936483]
  [ -0.26936504   0.26936483]
  [ -0.26936504   0.26936483]]

 [[  1.7669616   -2.6916962 ]
  [  4.3810706   -5.843953  ]
  [  2.482539    -3.4014592 ]
  ...
  [ -0.26936504   0.26936483]
  [ -0.26936504   0.26936483]
  [ -0.26936504   0.26936483]]

 [[  2.3124957   -3.1066241 ]
  [  4.6021395   -5.9221497 ]
  [  2.3579893   -3.178069  ]
  ...
  [ -0.26936504   0.26936483]
  [ -0.26936504   0.26936483]
  [ -0.26936504   0.26936483]]

 ...

 [[  1.8954558   -2.937656  ]
  [  3.838823    -5.9948606 ]
  [  1.0588256   -3.405508  ]
  ...
  [  1.444171    -3.0933242 ]
  [  0.14346173  -2.9021204 ]
  [ -0.70059407  -2.5992196 ]]

 [[  1.6875812   -2.2804053 ]
  [  3.9047039   -4.950612  ]
  [  3.5396786   -3.9386024 ]
  ...
  [ 10.418414   -11.467056  ]
  [ -0.17379257  -1.9111526 ]
  [  0.01635733  -1.8181248 ]]

 [[  9.327087    -6.404919  ]
  [ 11.637917    -7.2626653 ]
  [  8.308957    -4.7896137 ]
  ...
  [  2.1677098   -3.3919373 ]
  [ -0.9850447    0.81996936]
  [ -0.75546396   1.1588886 ]]]
pred: [1 0 1 0 1 0 0 1 1 0 1 0 1 1 1 1 0 1 0 1 1 1 1 0 1 0 1 1 1 1 0 0 1 0 1 0 1
 1 1 1 1 1 1 1 0 1 0 1 0 0 0 0 0 1 0 1 0 0 1 0 0 0 1 1 1 0 0 0 0 0 0 1 1 0
 1 0 1 0 1 1 0 1 1 1 1 0 0 1 0 0 0 0 0 0 0 1 0 1 1 1 1 1 1 0 0 0 0 1 1 1 0
 1 0 0 0 0 1 0 0 0 0 1 1 0 1 1 1 0]
pred[0].item(): 1
adj: %0 = multiply(meta[relay.Constant][1], meta[relay.Constant][2]);
multiply(meta[relay.Constant][0], %0)

OK3
OK4
OK5
OK6
OK7
OK3
OK4
OK5
OK6
OK7
OK1
OK2
OK3
OK4
min time is 1.430511474609375e-06
max time is 6.4373016357421875e-06
median time is 1.6689300537109375e-06
logits_tvm: [[[  5.4459615   -5.697074  ]
  [  5.445187    -6.974979  ]
  [  3.1473868   -5.343277  ]
  ...
  [ -0.26936504   0.26936483]
  [ -0.26936504   0.26936483]
  [ -0.26936504   0.26936483]]

 [[  5.617237    -3.7352061 ]
  [  5.6989      -4.6882253 ]
  [  3.211459    -3.1744533 ]
  ...
  [ -0.26936504   0.26936483]
  [ -0.26936504   0.26936483]
  [ -0.26936504   0.26936483]]

 [[  5.7355623   -6.1402235 ]
  [  6.194984    -7.494372  ]
  [  4.568224    -6.2794394 ]
  ...
  [ -0.26936504   0.26936483]
  [ -0.26936504   0.26936483]
  [ -0.26936504   0.26936483]]

 ...

 [[  2.3439395   -4.674616  ]
  [  4.4882665   -7.108806  ]
  [  3.4229546   -5.089117  ]
  ...
  [ -0.26936504   0.26936483]
  [ -0.26936504   0.26936483]
  [ -0.26936504   0.26936483]]

 [[  5.100253    -3.094617  ]
  [  5.565438    -3.9075274 ]
  [  4.4304204   -2.8883412 ]
  ...
  [ -0.26936504   0.26936483]
  [ -0.26936504   0.26936483]
  [ -0.26936504   0.26936483]]

 [[  2.7377152   -5.118313  ]
  [  4.947122    -7.5421987 ]
  [  3.658448    -5.329583  ]
  ...
  [-11.955532     4.1881924 ]
  [-12.563316     3.7858043 ]
  [-10.357447     3.7934046 ]]]
pred: [1 1 0 1 1 1 1 1 1 1 1 1 1 0 0 1 0 0 0 0 0 1 1 1 1 1 0 0 1 1 0 0 1 0 1 0 1
 0 0 0 1 0 1 1 1 0 0 0 0 0 0 0 0 1 1 1 1 1 1 1 1 1 0 1 1 1 1 1 1 1 1 0 0 0
 1 1 1 1 0 0 1 1 1 1 1 1 1 1 1 1 0 1 0 1 0 0 0 0 0 1 1 1 0 0 1 1 1 1 1 1 1
 0 1 1 1 1]
pred[0].item(): 1
num:  756.0
Test accuracy of TVM results: 65.08%
Min model inference total time:  8.58306884765625e-06
Median model inference total time:  1.0013580322265625e-05
Max model inference total time:  3.719329833984375e-05
